624474	837604	0
673412	735362	0
647442	677000	0
532283	741384	0
646529	742844	0
647535	755101	0
644131	777721	0
521368	736923	0
688940	798967	0
592666	805244	0
645068	716248	0
666740	707391	0
662064	644958	0
630628	689662	0
623268	774834	0
617896	766560	0
560260	629298	0
595728	703618	0
594177	665266	0
544862	802997	0
512102	686369	0
742244	626859	0
709853	684304	0
662854	764737	0
612693	778368	0
656011	735274	0
644769	750956	0
688852	804551	0
714271	804144	0
695472	794296	0
746441	829147	0
632975	756806	0
679779	842107	0
609763	693428	0
665375	784377	0
783661	772895	0
651521	719802	0
730159	761390	0
708303	692097	0
657201	735978	0
657676	809387	0
636976	735247	0
645990	751430	0
634257	761114	0
638687	658319	0
651406	751827	0
747619	624316	0
623835	729538	0
660357	757474	0
588712	804321	0
568583	699863	0
486170	676920	0
602196	605901	0
642237	745490	0
606020	713186	0
728084	727247	0
554017	771267	0
603318	762900	0
562936	690153	0
617156	717859	0
661356	736420	0
654515	734666	0
637992	730773	0
709788	708315	0
591399	697019	0
683055	858799	0
666771	711680	0
675192	674079	0
760637	769855	0
527197	674487	0
635082	737943	0
723320	815272	0
600764	726223	0
661916	744296	0
671573	696285	0
627760	882730	0
611273	753851	0
581576	715320	0
666541	754171	0
701026	791071	0
667266	731121	0
600277	691215	0
539874	675119	0
607486	706829	0
641770	710711	0
537085	852184	0
717308	804279	0
718598	655512	0
630612	770576	0
570225	842829	0
589675	755546	0
640027	738368	0
664707	722141	0
631597	893608	0
703403	758482	0
616325	730469	0
554610	782542	0
727303	809509	0
603709	757145	0
694477	801480	0
685646	736943	0
668098	713957	0
669410	742049	0
653304	756314	0
613863	789513	0
677034	731641	0
669700	802084	0
624314	773405	0
654682	759785	0
662784	741095	0
697927	742163	0
646571	694895	0
719445	660485	0
643600	764086	0
627929	765962	0
703793	765552	0
587326	773381	0
717722	750330	0
647744	743909	0
642381	763897	0
500568	750993	0
666495	722851	0
634389	786036	0
611266	772133	0
663575	790377	0
630028	754929	0
655401	774402	0
643303	726933	0
639757	719842	0
637825	742807	0
526898	832506	0
711253	662676	0
683817	848128	0
736472	832727	0
689529	744487	0
679608	646448	0
654618	842075	0
694212	664353	0
537054	718748	0
668460	783930	0
548995	826833	0
620659	771475	0
686313	814540	0
631794	761185	0
689468	762705	0
650041	802336	0
637600	807783	0
628658	701860	0
726306	751034	0
659605	834003	0
553865	748234	0
655600	773478	0
721022	679883	0
768482	675006	0
699489	745124	0
639748	753096	0
722543	622479	0
625692	817673	0
660975	682945	0
653157	760124	0
589024	670804	0
650663	750543	0
716474	589627	0
713578	835966	0
662130	816183	0
654155	754804	0
669277	746296	0
495463	836789	0
639613	739148	0
625394	753313	0
618863	725369	0
622394	754662	0
638262	768634	0
616672	764248	0
600013	718427	0
647588	778720	0
684742	730888	0
671740	797199	0
642232	671485	0
648671	698132	0
598298	828919	0
647432	747627	0
635713	731717	0
637917	739863	0
650666	740969	0
665967	760477	0
670430	687642	0
630859	729998	0
669736	723253	0
698843	757623	0
588593	712840	0
551701	762639	0
569859	678546	0
664835	852665	0
581169	743574	0
708960	619575	0
548571	694223	0
649816	741942	0
806622	755456	0
607251	769005	0
643929	740891	0
754810	695153	0
594100	724493	0
550920	733481	0
642541	745931	0
564713	691456	0
648355	754094	0
723355	811885	0
603804	809265	0
685487	777337	0
672669	712077	0
629137	731945	0
651239	704427	0
646667	750450	0
651903	741129	0
593997	772357	0
612222	835296	0
590255	719829	0
631051	775151	0
632805	792317	0
704768	782692	0
640737	802041	0
693011	676778	0
616879	758050	0
720180	797859	0
649007	841089	0
660715	673207	0
709776	723601	0
622698	732571	0
641146	727668	0
643696	798257	0
587179	775954	0
581674	711962	0
598055	705391	0
600201	747106	0
641296	746985	0
631845	770401	0
673297	793402	0
660784	738049	0
604620	781401	0
672211	763778	0
630190	753117	0
670390	749824	0
586317	595754	0
679422	711194	0
613699	762603	0
665574	745106	0
664700	693976	0
662471	737387	0
686671	838550	0
744621	770301	0
653496	830221	0
648715	742157	0
647272	761773	0
642831	780184	0
697183	717780	0
707457	670403	0
596963	702547	0
624454	802817	0
730517	636864	0
560433	682351	0
655697	771778	0
605001	774836	0
665496	765913	0
725075	738599	0
611251	681461	0
633447	754589	0
696039	654217	0
636336	744979	0
633530	724556	0
658676	746651	0
715864	783203	0
644662	743957	0
716034	701170	0
651015	742659	0
643018	718141	0
573889	768197	0
522000	666203	0
642735	739752	0
569972	719314	0
634677	757794	0
593386	739688	0
719701	728325	0
588862	722314	0
719311	712484	0
578882	670901	0
638470	736199	0
619656	753686	0
644685	766579	0
657320	664068	0
568141	657925	0
668617	731357	0
655535	761277	0
593137	706728	0
721988	760267	0
660076	731450	0
427372	690686	0
589711	767742	0
640776	740463	0
777756	778256	0
301956	680587	1
304189	697456	1
286274	728734	1
294684	775224	1
268973	695171	1
304677	705910	1
248748	637649	1
429508	769553	1
468149	505199	1
300152	713285	1
265902	671455	1
295510	697555	1
486190	609623	1
354977	804826	1
257975	592082	1
355952	585755	1
285430	654139	1
321294	664892	1
251150	666330	1
179239	656042	1
316043	704488	1
329823	706000	1
188186	654540	1
281269	731328	1
302147	686102	1
329756	715458	1
212262	700970	1
318137	649994	1
251500	776101	1
374442	633990	1
254640	651678	1
448573	628620	1
211387	657567	1
303680	693523	1
287690	730658	1
447311	785205	1
252568	814030	1
394536	730860	1
262168	671383	1
215687	902015	1
250951	817630	1
273063	678285	1
306763	698061	1
350971	596085	1
304914	695279	1
118511	648023	1
160133	681667	1
448402	746414	1
400326	624970	1
252952	676823	1
413463	567603	1
278479	630939	1
357644	695981	1
379090	753319	1
385257	638831	1
325664	713566	1
198182	677856	1
307097	671237	1
357196	852632	1
304864	695367	1
340313	638495	1
266876	665876	1
249076	589643	1
527817	730208	1
302392	702513	1
229377	613417	1
262537	513243	1
306856	679919	1
255893	641692	1
288661	700807	1
243986	766970	1
337154	818050	1
331738	776278	1
308989	689026	1
451071	614652	1
369162	695258	1
177049	597036	1
307397	731857	1
190542	567586	1
214385	603317	1
292488	660794	1
301304	694488	1
290450	647292	1
240273	687785	1
485824	759688	1
314447	613795	1
406046	576707	1
247378	759626	1
242243	710253	1
335078	619970	1
246400	663553	1
319819	678401	1
357208	755136	1
286658	715984	1
276224	720739	1
286891	681374	1
269693	862281	1
209140	705239	1
298335	753758	1
405752	494260	1
284855	658321	1
292422	606783	1
238952	742430	1
286754	806287	1
385034	613818	1
258007	845879	1
361385	582525	1
256095	673479	1
304011	514497	1
168313	558540	1
273517	847927	1
269578	687993	1
342344	657348	1
511555	663979	1
254044	618693	1
329516	777613	1
381316	720859	1
304874	695381	1
258057	724023	1
312238	495053	1
223059	671746	1
182857	737701	1
423758	695173	1
319037	717022	1
272612	637635	1
302593	696164	1
301289	697255	1
340176	691290	1
301423	696932	1
269774	786648	1
195108	681672	1
298935	670226	1
310043	795304	1
333533	635169	1
426326	733714	1
316583	691734	1
323812	738888	1
184474	672822	1
261698	699422	1
298959	742981	1
278130	681852	1
89604	711268	1
461411	808686	1
386150	700336	1
306813	508848	1
343270	788624	1
254266	563184	1
221257	683381	1
236193	657804	1
305311	547670	1
325404	749697	1
305675	695663	1
234323	590306	1
278285	766785	1
333181	827635	1
310860	682650	1
379268	814910	1
216187	733832	1
255081	562711	1
221833	769105	1
129640	884633	1
298929	666345	1
288914	733451	1
298288	662068	1
336208	747257	1
257260	644183	1
219122	686497	1
256223	566418	1
332173	749569	1
279044	697263	1
372608	716870	1
279062	689829	1
217166	843856	1
313338	727518	1
289905	820948	1
280555	680463	1
327824	620133	1
313999	801106	1
470379	544948	1
316065	796247	1
314665	670429	1
326880	737321	1
318119	673245	1
375031	597847	1
340444	724791	1
112396	741755	1
292787	695293	1
264135	635170	1
228355	583135	1
327427	657950	1
281909	694077	1
340641	618502	1
302992	783929	1
261605	622020	1
308884	703127	1
304500	588762	1
301556	642926	1
224858	807983	1
279515	617056	1
358851	708462	1
115401	744137	1
278267	692206	1
208702	671654	1
403432	795471	1
299778	680989	1
287574	546556	1
299755	675601	1
264783	728023	1
383654	611045	1
234506	764510	1
306197	670713	1
370443	654541	1
338403	771457	1
438616	601102	1
267318	679931	1
228642	788724	1
500824	652101	1
213842	692973	1
192836	648358	1
326129	821426	1
343932	724899	1
286532	513787	1
409264	781148	1
299657	693101	1
251849	548783	1
242142	692101	1
305206	702761	1
292531	656755	1
236864	671810	1
276544	768353	1
321631	632272	1
301620	716356	1
293539	671908	1
308117	740467	1
268889	886754	1
450198	671650	1
474639	808388	1
310168	735937	1
306114	579135	1
296474	688624	1
293176	687393	1
267935	658051	1
317528	569545	1
404854	628067	1
167462	739217	1
313436	638034	1
314521	830133	1
123131	598832	1
300174	705003	1
387423	745425	1
375555	736221	1
312647	700813	1
307671	666744	1
284404	780072	1
127621	744674	1
164798	675178	1
241192	694581	1
161562	624979	1
306397	692178	1
355914	617956	1
480340	753328	1
105551	615832	1
318130	662677	1
296294	706268	1
300777	698526	1
213659	538749	1
361449	666407	1
282983	762833	1
363500	627785	1
310342	697557	1
322064	661855	1
317266	689739	1
414173	576224	1
373783	522502	1
299009	683607	1
122269	693718	1
290251	628343	1
501954	511868	1
241183	860086	1
313365	650658	1
384155	681794	1
357075	730980	1
405179	696518	1
277759	782826	1
251175	650036	1
313862	698344	1
292696	637862	1
326876	674638	1
404700	650077	1
236495	689406	1
122456	724689	1
310319	685436	1
324020	701955	1
258854	848310	1
264032	631887	1
344920	597392	1
239150	710376	1
297247	741497	1
503089	701664	1
320910	689103	1
234103	840818	1
270236	621051	1
303997	782258	1
188413	672057	1
298739	713236	1
303546	699978	1
312521	676742	1
334515	668787	1
325827	672389	1
259852	674085	1
450020	615115	1
322860	537630	1
104165	624716	1
217344	694232	1
300574	649747	1
283304	696351	1
707602	445595	2
719346	449559	2
722639	443586	2
773331	389931	2
746157	439492	2
734039	417015	2
714751	446575	2
731816	415757	2
725946	426962	2
798814	401509	2
693737	452734	2
669866	448338	2
746864	439849	2
727143	433316	2
791514	403535	2
721995	437391	2
756228	419086	2
758640	405587	2
715675	422312	2
596353	470604	2
721507	453573	2
744313	432368	2
729257	451289	2
666032	465155	2
601801	494436	2
661222	453629	2
734450	429010	2
766737	396198	2
731222	429799	2
675857	463897	2
727705	434351	2
727034	420199	2
722277	425835	2
746923	435441	2
728171	409349	2
633701	452224	2
625717	482421	2
858806	387555	2
879462	370332	2
704254	417902	2
675281	454792	2
728609	419664	2
714079	445580	2
771609	417188	2
742704	423925	2
698642	431846	2
684258	463565	2
791992	389182	2
759373	432378	2
837198	402237	2
723729	435237	2
764655	420356	2
727532	423473	2
703907	419258	2
852401	400991	2
730415	423241	2
678951	451942	2
723339	437032	2
726016	416897	2
736837	416432	2
731165	429361	2
774647	427215	2
758669	423940	2
710631	454883	2
734701	423411	2
713931	418764	2
695455	432499	2
724532	436536	2
732725	438797	2
732286	420546	2
751345	431670	2
741371	429784	2
608037	468148	2
730382	448450	2
538607	494883	2
740633	415965	2
678799	450973	2
756673	440896	2
727534	429764	2
749579	410194	2
674276	430483	2
724635	414248	2
699875	435434	2
744271	431399	2
744426	435485	2
729196	418692	2
714355	422413	2
719636	426645	2
666567	454554	2
780310	430101	2
729233	430917	2
752754	440390	2
730094	429952	2
735913	420880	2
744772	424945	2
749916	420994	2
728098	444461	2
799944	418257	2
725809	427710	2
872658	384157	2
727190	430566	2
735511	413420	2
737941	430016	2
748631	407613	2
729082	423437	2
737547	432276	2
727500	428342	2
734065	416944	2
724160	426899	2
670557	464266	2
758317	407936	2
720366	421439	2
746825	435792	2
704175	432147	2
744121	432911	2
777554	396988	2
719327	426700	2
767236	415324	2
726918	433292	2
755320	433793	2
706267	436925	2
855800	386248	2
730682	429153	2
768541	421293	2
706846	447104	2
714304	433269	2
656849	479113	2
732560	416695	2
764135	419588	2
772097	400205	2
689286	450562	2
743847	438935	2
729710	432581	2
720578	440604	2
722499	433185	2
755038	441249	2
732306	423040	2
729408	428928	2
774783	405020	2
733697	419916	2
710943	446319	2
679310	465297	2
732703	428812	2
731991	431543	2
673257	459081	2
725839	424500	2
695054	456057	2
715314	436633	2
687301	458286	2
765294	425815	2
715118	427980	2
767333	420651	2
811403	407904	2
718164	454575	2
739070	411663	2
752581	440394	2
690730	437739	2
887870	380231	2
718401	449372	2
724731	435068	2
733774	432793	2
708631	453634	2
729480	431715	2
741825	405690	2
731191	432062	2
694821	438629	2
720271	425885	2
703652	430300	2
707380	419460	2
714873	418797	2
733691	405330	2
729715	427959	2
727368	452797	2
693426	451198	2
720452	420584	2
731599	428852	2
751517	404029	2
750392	411159	2
751559	416171	2
788276	416307	2
802381	381442	2
730792	434299	2
723743	443731	2
644981	443534	2
722187	439018	2
613011	486786	2
701733	458443	2
764630	436553	2
706095	419599	2
702394	446256	2
743252	440781	2
749317	422956	2
728905	435119	2
652525	464851	2
731460	429856	2
752589	400235	2
739990	419724	2
725971	448385	2
723840	443952	2
680544	442401	2
724483	439497	2
747987	431955	2
724609	423295	2
701304	459080	2
710349	419101	2
711439	453676	2
657496	436294	2
745255	425610	2
721524	424203	2
723797	428747	2
651594	453942	2
608668	457619	2
824293	381793	2
632652	468471	2
747303	406548	2
745060	417858	2
726685	414816	2
745842	434995	2
735718	438748	2
899552	374590	2
745158	417375	2
752346	417083	2
786732	399733	2
729589	425007	2
727316	427043	2
726331	435928	2
726804	445245	2
721682	435068	2
732378	429008	2
738551	420372	2
740906	409067	2
752706	440215	2
724608	430053	2
700354	441203	2
688222	447958	2
730326	429052	2
740287	446677	2
730434	421618	2
866065	386393	2
734429	447999	2
717523	425089	2
727809	442662	2
733733	431100	2
695936	430737	2
727499	426272	2
718009	426196	2
750873	437959	2
729994	429220	2
709712	441455	2
732848	425657	2
753057	423397	2
732683	447385	2
740753	442421	2
743293	432205	2
738254	421549	2
725268	431897	2
752830	435580	2
744755	433087	2
717724	450610	2
726128	420227	2
730135	440077	2
720869	438684	2
737328	412148	2
741031	434833	2
824039	412631	2
737966	412088	2
772015	409439	2
793237	397111	2
733788	448321	2
709282	436166	2
744664	426096	2
650775	452666	2
755167	409465	2
765633	405225	2
694683	450938	2
729711	430614	2
745044	407883	2
670181	441166	2
775130	415529	2
737414	444314	2
730608	432295	2
754376	441307	2
730203	412359	2
835516	400152	2
728664	432475	2
825989	382573	2
742650	431539	2
810322	411001	2
748409	441036	2
752527	434124	2
754792	438766	2
765181	401096	2
741044	438625	2
836049	367059	2
712348	448032	2
781662	408287	2
734372	426865	2
728383	430978	2
640253	444179	2
699386	444481	2
731442	420135	2
825123	400890	2
777591	429836	2
713951	422718	2
707581	458339	2
712891	443223	2
729363	427662	2
720657	419646	2
738674	432588	2
719396	435342	2
731257	446926	2
755055	439992	2
754485	438168	2
748375	408551	2
729426	426649	2
696542	425992	2
526879	525216	2
806588	410162	2
754502	431256	2
730935	428667	2
729609	430923	2
746498	408410	2
731119	444131	2
802912	397184	2
727608	439533	2
760617	407955	2
729897	434527	2
754387	641979	3
765672	517359	3
757899	557203	3
802071	528302	3
787465	589048	3
690720	635104	3
809697	523329	3
841221	597749	3
725486	606726	3
763865	466863	3
748007	681166	3
753268	512626	3
769511	572049	3
784165	583481	3
802983	575321	3
871144	555639	3
808049	557219	3
842659	586303	3
829000	613267	3
707169	574081	3
638540	688402	3
764937	568311	3
763685	566862	3
768294	559308	3
758869	579689	3
758814	521459	3
781691	592729	3
748984	487073	3
787310	654821	3
702714	742670	3
768709	572825	3
703372	576186	3
772389	565056	3
772148	571798	3
746759	573321	3
756285	616509	3
770099	572752	3
844515	509601	3
817531	537322	3
759684	546556	3
769720	563067	3
761599	619897	3
725823	615915	3
892697	526303	3
849949	540019	3
858747	573582	3
745209	536050	3
771219	572604	3
766135	599200	3
759715	564427	3
795068	560529	3
780723	675084	3
781190	576752	3
771901	572100	3
831389	480744	3
802115	533460	3
793828	440259	3
627700	686145	3
694220	605434	3
712797	557541	3
771847	579401	3
780097	514997	3
856326	535732	3
789339	582401	3
732523	581112	3
772782	618550	3
725592	592099	3
782723	495430	3
849093	568778	3
745223	598309	3
709466	636692	3
841036	437005	3
817600	535078	3
798637	458473	3
741778	574603	3
803290	647415	3
712221	587568	3
818663	590371	3
804156	564521	3
778573	679864	3
772224	555196	3
763953	571400	3
769986	570208	3
732245	547161	3
769877	577657	3
721616	560552	3
671639	598507	3
764188	590140	3
746964	488914	3
811883	486564	3
760115	557677	3
740307	488714	3
742779	571278	3
808094	571054	3
783481	538589	3
689711	722724	3
677369	627092	3
720791	540758	3
793831	593983	3
762051	495770	3
804628	577098	3
758634	560594	3
760164	506435	3
771231	564989	3
768119	567611	3
765005	660767	3
754194	560538	3
773880	613812	3
712195	635851	3
734479	530668	3
796696	552631	3
802570	557860	3
759801	574638	3
611673	731519	3
842911	560754	3
773938	597765	3
735213	642892	3
769643	571853	3
712381	547153	3
770084	550236	3
778714	570415	3
771237	587890	3
814843	590897	3
770241	580079	3
742369	576142	3
834517	457421	3
763118	519015	3
862731	569512	3
766736	582036	3
719770	622489	3
736289	679880	3
770747	561371	3
660253	640842	3
776419	547169	3
631145	682159	3
767156	607750	3
756026	552234	3
677312	579014	3
771010	593554	3
819389	533417	3
674058	679115	3
826106	543973	3
699745	575506	3
715631	547320	3
832168	567785	3
764762	685628	3
703773	565446	3
816830	580968	3
767753	637925	3
738727	647264	3
759530	661171	3
772932	536645	3
772215	597651	3
762835	596611	3
875686	451474	3
841309	410606	3
785779	637279	3
749338	484977	3
739207	505256	3
722878	560322	3
772430	604789	3
786065	542927	3
801787	565250	3
826279	544845	3
729671	574520	3
773133	624466	3
745866	558051	3
754695	525319	3
763104	572488	3
850126	570795	3
795930	460847	3
728413	592603	3
834497	572466	3
722582	573314	3
684000	562012	3
750279	607796	3
805300	603049	3
775138	539533	3
791838	575249	3
716147	583880	3
926950	446048	3
771831	563871	3
811261	526749	3
793145	525340	3
754368	628556	3
808163	624269	3
720240	566114	3
750125	579854	3
805651	546553	3
777656	553842	3
753906	484765	3
765793	585161	3
815738	485983	3
823931	567654	3
766709	605853	3
635548	699176	3
757945	542948	3
794120	636251	3
647287	628210	3
769994	571384	3
768523	561629	3
877133	547612	3
840514	411288	3
779767	448684	3
713744	551134	3
767817	661004	3
846548	549289	3
811593	582510	3
828379	465308	3
777031	514131	3
778604	559523	3
744968	486452	3
683143	634673	3
771093	553692	3
768700	559954	3
805970	625033	3
696415	547411	3
756238	579965	3
745840	531286	3
770255	571907	3
769380	598177	3
751038	671073	3
741229	535706	3
892175	485754	3
746519	497355	3
721485	531989	3
715447	550724	3
746217	606409	3
769480	549788	3
790941	589916	3
763708	543874	3
831462	557743	3
786775	553747	3
800785	554810	3
853896	420105	3
691069	590119	3
797848	599884	3
760428	582002	3
768813	570097	3
780732	615762	3
780872	573032	3
873945	423452	3
757088	513954	3
828476	594769	3
779153	482076	3
802612	570162	3
805455	599646	3
656556	720917	3
767444	566071	3
770331	590030	3
768878	507714	3
832268	582208	3
771066	592295	3
836197	552926	3
772475	586151	3
767571	542067	3
725691	573435	3
932954	456629	3
746404	711452	3
765583	570899	3
841887	513856	3
696538	696990	3
763865	525749	3
751244	524922	3
755794	534603	3
774398	541648	3
786166	531223	3
760484	555851	3
794359	442380	3
767497	530230	3
765674	547377	3
766487	615168	3
770186	570034	3
724405	596997	3
741521	624698	3
736043	575664	3
754270	574092	3
780043	626074	3
826556	495674	3
765115	543527	3
778841	577293	3
821119	600896	3
763334	562622	3
763362	545264	3
802089	572539	3
770224	580983	3
713850	565668	3
729229	656442	3
808011	526912	3
753770	532969	3
813584	452535	3
768888	513490	3
773585	571316	3
770153	576772	3
675876	594402	3
700414	596242	3
809824	604728	3
713623	563676	3
747664	687303	3
795367	524976	3
759766	496426	3
772167	575530	3
691178	637530	3
806470	557024	3
841886	548502	3
697742	682459	3
766624	480299	3
775883	629334	3
776923	542503	3
726266	621222	3
798455	647762	3
791208	562409	3
794221	553151	3
769642	572866	3
764530	582616	3
731035	517053	3
678239	585670	3
887914	516552	3
902384	467551	3
766160	581496	3
507342	507826	4
407233	321705	4
505315	459361	4
413304	461127	4
537646	552727	4
550814	440592	4
627626	437563	4
493799	488923	4
524073	555809	4
548307	564277	4
600922	471138	4
383640	479201	4
623516	534192	4
497445	517730	4
496584	457319	4
556821	562328	4
556031	506305	4
543912	507750	4
530528	521192	4
573150	513491	4
552654	637202	4
620495	428656	4
449927	418468	4
558582	492568	4
487046	528989	4
641704	492995	4
391809	499058	4
551329	460359	4
503840	504768	4
506446	575339	4
501674	511395	4
536193	514278	4
511706	546945	4
530609	519390	4
524317	678779	4
434406	489351	4
610606	519333	4
556111	510733	4
529448	548683	4
525774	502451	4
501115	574862	4
582812	444344	4
427697	518628	4
527488	524251	4
576676	558667	4
392971	437176	4
595639	506294	4
673248	638685	4
331571	442023	4
506446	552067	4
535487	513836	4
517549	535083	4
567307	513301	4
534817	490837	4
514313	548584	4
419307	423248	4
483136	561194	4
457792	477441	4
615169	520233	4
588062	722020	4
537278	525479	4
606094	538458	4
563012	484299	4
436934	590714	4
476769	401754	4
545129	554035	4
549834	520672	4
540369	603363	4
574235	532954	4
492411	536415	4
522505	559713	4
475582	515989	4
521244	517978	4
415698	343575	4
524359	520998	4
533018	514532	4
594329	578773	4
626757	418320	4
434736	456267	4
473205	567062	4
485844	491621	4
602465	665291	4
532480	397800	4
509009	524237	4
396464	430921	4
557139	638823	4
563876	476543	4
492331	329547	4
691937	540883	4
526445	431813	4
530297	510996	4
368014	467318	4
662278	588205	4
535998	510130	4
721721	579313	4
538144	527817	4
543318	433657	4
531081	505475	4
525480	470533	4
544322	539275	4
624814	477052	4
564353	537709	4
515310	489001	4
505774	597111	4
508929	447377	4
537435	518277	4
618747	512079	4
619548	576302	4
550042	495010	4
508908	542113	4
493040	610654	4
505802	514831	4
379681	464195	4
584712	513687	4
523713	368083	4
717549	573519	4
634635	457362	4
327776	430947	4
471065	486213	4
631428	453515	4
550185	419287	4
671560	553156	4
526327	510705	4
514459	474959	4
555214	652599	4
557726	449203	4
506910	417193	4
561601	655014	4
535037	538496	4
443964	518211	4
561735	565183	4
612711	483342	4
536168	593239	4
574904	492447	4
706633	500257	4
616824	483034	4
421929	525157	4
633108	495300	4
558744	487094	4
641657	534263	4
521716	469544	4
642297	546463	4
536465	514155	4
483024	505121	4
507483	642126	4
654944	512336	4
530556	583551	4
535735	455471	4
459232	509773	4
509227	510027	4
579013	568875	4
537184	514385	4
514910	581551	4
390773	517121	4
707247	692114	4
629205	571003	4
392924	418507	4
518862	460164	4
553121	463889	4
527402	481730	4
537794	465826	4
545617	507812	4
514547	354714	4
596390	470150	4
542544	670350	4
411476	478072	4
548496	542527	4
530371	442949	4
562919	466283	4
384965	520358	4
542660	415319	4
446724	418053	4
521826	539922	4
500522	444684	4
547824	513124	4
523366	349317	4
669382	622853	4
498289	560236	4
557062	551099	4
532850	483143	4
529669	391801	4
555156	616184	4
523911	563334	4
614313	512636	4
535921	524584	4
517971	490561	4
533342	545244	4
628221	492886	4
592768	437612	4
514411	507954	4
548144	543763	4
658852	516285	4
558772	474053	4
439266	514876	4
453660	583238	4
528619	414018	4
620940	515288	4
592644	447770	4
665560	587722	4
538486	501453	4
575713	547079	4
447161	503624	4
437757	504465	4
506137	516187	4
549939	514708	4
428588	495863	4
440070	431954	4
427192	454401	4
595955	448883	4
566632	571432	4
529228	479703	4
642908	437101	4
576588	449472	4
452814	539713	4
484694	556198	4
574322	503159	4
533697	425762	4
662663	579578	4
579721	620562	4
644032	492865	4
530674	549191	4
654563	448534	4
569518	658501	4
491150	568491	4
499702	602675	4
540199	525627	4
518871	530372	4
519772	512092	4
495069	558840	4
610168	473312	4
530508	509943	4
528815	548497	4
547400	580231	4
540575	508956	4
536022	681527	4
509386	514356	4
442157	514327	4
455969	529901	4
578389	637490	4
501408	554461	4
449326	548659	4
426390	476270	4
578297	438081	4
536133	478890	4
631256	536315	4
536266	417580	4
552646	653294	4
478997	530529	4
579481	545046	4
561136	499622	4
433465	541843	4
547819	509824	4
588390	514592	4
537265	523436	4
623891	518302	4
502162	475393	4
513366	506908	4
498553	524570	4
532126	539313	4
436829	530260	4
445445	517062	4
510342	532705	4
559130	699277	4
569202	355912	4
532096	492217	4
538874	585741	4
571302	510879	4
462368	373002	4
590209	519161	4
534278	560683	4
602584	501046	4
497675	566698	4
647949	639119	4
661501	515121	4
331898	459412	4
477908	439219	4
569312	556969	4
604984	462344	4
590561	542378	4
424083	401992	4
587267	470494	4
537426	518616	4
535399	650759	4
644770	580348	4
436870	510435	4
542440	516559	4
471385	533078	4
566938	516511	4
560934	525064	4
634238	464822	4
405718	510821	4
468275	548543	4
609259	544756	4
550059	460252	4
520106	512491	4
560509	513425	4
549177	577884	4
666779	488573	4
595726	525979	4
554907	560323	4
501015	550311	4
541541	546851	4
559267	647895	4
544710	509398	4
605972	560476	4
620236	415424	4
536797	577800	4
527363	634845	4
539151	491681	4
513036	530311	4
470750	553802	4
541110	520812	4
420510	533279	4
532592	508259	4
535298	557140	4
539214	632212	4
588428	589223	4
511194	356250	4
452680	452651	4
514174	514409	4
515426	479004	4
523183	527114	4
457357	528230	4
649812	313847	5
618591	278125	5
683175	252124	5
709267	220765	5
766437	353886	5
687168	243646	5
617465	290666	5
674378	326048	5
667889	204882	5
655316	228037	5
656975	298291	5
662650	292592	5
668413	270302	5
725090	333897	5
686624	386880	5
685899	286355	5
620490	132840	5
728887	321179	5
745131	289604	5
664894	271730	5
660553	303353	5
662612	365301	5
724334	300067	5
645743	261927	5
663057	220725	5
746598	300052	5
581756	215392	5
632481	251544	5
697431	253349	5
630032	290172	5
615142	190732	5
690314	270247	5
608218	264347	5
675743	339044	5
668314	257531	5
689918	278913	5
614320	248467	5
640730	257203	5
652535	220991	5
700633	284329	5
738833	286926	5
631365	134292	5
649665	236202	5
654001	294570	5
675345	223698	5
600666	216990	5
663020	283060	5
607893	199432	5
657676	245263	5
637104	229550	5
669739	261458	5
659205	270591	5
677369	246721	5
695340	262248	5
628740	219112	5
655619	300069	5
706575	276336	5
628573	288863	5
614661	256208	5
710835	256297	5
677094	227490	5
704941	239659	5
671815	261208	5
678594	215094	5
737956	289062	5
655673	284234	5
663363	270074	5
661212	297315	5
649917	358715	5
609490	242270	5
663738	248875	5
734716	277971	5
676032	265825	5
696886	344064	5
592761	207368	5
619888	177693	5
677749	211440	5
674483	261546	5
667907	257757	5
657386	358879	5
697678	243116	5
661638	163860	5
620405	286337	5
678200	245887	5
598044	201746	5
718642	420283	5
672371	284912	5
665364	284109	5
614719	254179	5
674632	268554	5
652077	299823	5
671005	245768	5
714750	345118	5
667869	327110	5
662311	296406	5
661927	282689	5
573471	220447	5
677451	251232	5
699826	301931	5
705617	241173	5
643589	325753	5
657311	291295	5
700826	248226	5
669354	259224	5
656264	222613	5
636816	238656	5
722062	263794	5
754004	391359	5
681544	270355	5
624130	248440	5
734116	274569	5
719360	252168	5
677826	242527	5
672397	270701	5
670207	251985	5
580988	185193	5
637459	219265	5
689734	354204	5
696294	225393	5
615674	258731	5
655098	289182	5
655147	286433	5
706110	217446	5
669689	263240	5
713142	286092	5
661283	254949	5
661289	266240	5
740474	393288	5
594986	244995	5
651548	237370	5
685845	209394	5
672224	187577	5
630557	196815	5
688132	312539	5
629464	241145	5
688147	241322	5
680671	253973	5
667294	268427	5
677095	228967	5
674192	244563	5
707682	291718	5
634961	177087	5
687527	247166	5
679958	272861	5
698219	203526	5
724088	291796	5
659305	269943	5
720464	327703	5
676520	296358	5
684388	272789	5
601005	247875	5
709558	311487	5
657556	250964	5
758589	319349	5
677265	270934	5
718648	234030	5
677254	271414	5
686613	281214	5
666152	269346	5
577429	232649	5
664952	268828	5
659239	272454	5
661418	294187	5
707509	311295	5
611949	238469	5
638112	289637	5
683892	322751	5
679720	232288	5
631446	300686	5
697142	215930	5
639917	306850	5
644776	244404	5
684313	197571	5
646801	325844	5
662992	268873	5
677295	235111	5
587388	193647	5
735813	318486	5
638277	275538	5
589101	252507	5
706329	283680	5
663954	268684	5
666744	273830	5
571017	225833	5
692456	229804	5
681585	213890	5
734339	356009	5
688004	245947	5
632609	215788	5
654966	272526	5
660301	285771	5
676432	272193	5
700137	279164	5
696295	252487	5
732688	289096	5
602373	236334	5
671092	323764	5
688463	214985	5
666923	252636	5
646074	249033	5
624175	265335	5
714100	355941	5
674498	354582	5
696211	353616	5
596054	239950	5
629439	237952	5
673440	241375	5
734456	312515	5
644993	273397	5
653976	281532	5
684966	213338	5
631479	273719	5
658149	289877	5
626731	317069	5
684969	297515	5
604380	190747	5
632275	271768	5
664148	240496	5
683975	310796	5
680027	248362	5
630600	258361	5
666471	259694	5
650513	220572	5
620723	237286	5
723150	257638	5
659194	266921	5
663395	297373	5
660871	292999	5
747913	302559	5
614847	284635	5
599584	222177	5
678795	242731	5
702284	215255	5
616412	258536	5
670468	267843	5
669664	230903	5
705144	241394	5
737792	304290	5
708488	311592	5
667571	267667	5
733539	287228	5
650327	241997	5
682324	249272	5
743828	356001	5
657527	296695	5
600587	228975	5
708631	230654	5
674899	234973	5
662382	267113	5
670201	259972	5
672492	304387	5
666697	266064	5
704350	298092	5
642148	289857	5
603473	238763	5
661680	277856	5
619466	221587	5
643137	281637	5
673499	196306	5
752428	312711	5
609856	294051	5
695784	292822	5
723073	311568	5
703344	381804	5
660180	322622	5
680996	322887	5
680764	290107	5
670883	270735	5
581711	248428	5
670730	315486	5
605110	285368	5
685772	372554	5
659932	289255	5
710903	279046	5
630806	274878	5
731933	279752	5
628316	247101	5
608785	263281	5
797899	451805	5
658894	280665	5
653213	288433	5
656369	287733	5
640518	246368	5
748664	398591	5
656845	300884	5
664953	308488	5
664931	252288	5
647083	332283	5
618686	243397	5
649962	306549	5
665191	251077	5
665157	204118	5
647438	254788	5
703970	296468	5
670742	224788	5
672456	245032	5
666656	273722	5
667752	232055	5
667769	294394	5
674588	261912	5
708104	348954	5
692818	218910	5
621214	268460	5
649455	320938	5
663365	266434	5
662456	257274	5
676775	277266	5
664806	274607	5
740943	377670	5
661396	279211	5
682146	251605	5
672490	270266	5
660383	257188	5
674987	273547	5
641366	256711	5
710706	232920	5
587123	221404	5
625939	257289	5
722737	274124	5
645292	347995	5
649850	289235	5
685338	272341	5
689428	207018	5
654667	262585	5
366779	362552	6
369153	377540	6
331394	374545	6
415089	323845	6
374387	467347	6
372150	360565	6
381400	372713	6
363362	357737	6
373391	366768	6
490747	490256	6
438823	351777	6
375730	367365	6
340133	306647	6
353079	370415	6
464072	295596	6
381024	357923	6
329402	302590	6
380942	353321	6
392795	343750	6
257829	218194	6
374569	365985	6
403198	498720	6
357230	404473	6
246803	326711	6
290334	405761	6
376000	365059	6
358366	365018	6
365445	354858	6
295668	397077	6
376895	389905	6
338898	214739	6
259267	242284	6
361948	335620	6
362203	376036	6
426988	323512	6
409570	380858	6
385244	478818	6
517880	361774	6
449792	487242	6
379067	342401	6
331808	322091	6
442146	431920	6
341776	404176	6
459536	474594	6
375529	364284	6
402713	319996	6
395509	447521	6
398096	330059	6
383134	530023	6
375494	347443	6
391387	260798	6
419748	291210	6
343658	385291	6
328508	383282	6
361165	369305	6
350107	437601	6
334114	459509	6
367453	449121	6
377463	362968	6
272078	332587	6
347852	426689	6
372423	366077	6
291378	388011	6
398243	379108	6
452884	266505	6
376171	415108	6
310059	360303	6
391853	400362	6
375163	372828	6
358710	441099	6
395013	296572	6
343413	351242	6
403307	501717	6
361325	338266	6
313822	374342	6
367859	331806	6
366945	375577	6
299617	413410	6
371215	304670	6
250589	310946	6
275723	395671	6
315068	269536	6
443799	403413	6
380108	367122	6
376624	414923	6
329094	307415	6
390827	296881	6
395860	365007	6
408419	253107	6
398863	449884	6
240765	417999	6
362766	353777	6
426627	379815	6
356485	410806	6
368997	302032	6
426597	361774	6
424153	358241	6
420173	329986	6
333164	384971	6
363545	309601	6
393034	419881	6
280542	311467	6
441001	369628	6
393915	426104	6
431183	399344	6
385928	379903	6
359574	466019	6
395958	250566	6
308509	378193	6
320443	325357	6
424340	393920	6
356168	364527	6
326210	315984	6
374311	377754	6
374991	251967	6
290922	384922	6
363056	488628	6
370668	258631	6
395980	460168	6
311904	380521	6
305680	302023	6
435235	378134	6
402960	358061	6
310439	281816	6
387085	361305	6
366873	281190	6
517718	402041	6
587312	465862	6
376789	400661	6
371418	367243	6
371810	284372	6
410327	454742	6
348573	228677	6
371169	352465	6
484385	406558	6
454831	292859	6
277669	446288	6
357217	334898	6
306973	371314	6
361206	322326	6
352825	342072	6
374363	370491	6
362455	333579	6
410309	327207	6
392746	353601	6
377954	359465	6
392486	413152	6
226279	196302	6
259410	340774	6
390259	385789	6
327064	337038	6
359297	370949	6
385828	420122	6
368015	292681	6
323368	322317	6
374665	497331	6
438156	361037	6
347773	349258	6
411860	276360	6
450883	300266	6
373060	396577	6
369314	379813	6
404018	374662	6
384459	331561	6
355096	327368	6
378015	431683	6
327348	389070	6
389235	380395	6
413008	279715	6
281638	364297	6
450643	396631	6
428674	418930	6
478471	424155	6
362695	256123	6
432047	353924	6
378442	377542	6
307013	328596	6
314013	363333	6
486679	299746	6
469657	366086	6
352007	420108	6
391649	350263	6
454520	485456	6
372396	368479	6
373856	359031	6
487627	406047	6
374022	259510	6
367138	370205	6
466140	491411	6
367810	370144	6
290407	334361	6
332508	369388	6
347342	359748	6
361812	334253	6
394021	362598	6
454865	404399	6
376765	362235	6
313135	442012	6
425272	355690	6
421984	424558	6
395156	406238	6
324395	395578	6
326390	375072	6
339024	292832	6
467824	303916	6
373242	366716	6
360671	301929	6
501080	340264	6
387452	451636	6
304973	375939	6
253013	367502	6
388561	360701	6
375290	405889	6
412617	363899	6
373523	369671	6
324817	327043	6
355879	367275	6
373910	372099	6
461688	380355	6
389552	364317	6
331124	374003	6
331710	357775	6
374676	350427	6
408525	438348	6
376320	406191	6
348968	394895	6
317980	360723	6
399017	232563	6
383273	362667	6
375983	381506	6
438465	355843	6
450502	350007	6
412719	300938	6
377989	363748	6
393636	367995	6
324355	314273	6
366979	368389	6
347572	463463	6
395698	292724	6
405175	324722	6
377360	384411	6
278177	297016	6
407165	430397	6
366944	351900	6
260904	291618	6
405039	429061	6
295170	370846	6
368881	366476	6
370346	369359	6
278362	365039	6
389947	367026	6
391980	380927	6
384664	322498	6
440051	449016	6
439172	468159	6
393018	344794	6
399491	357165	6
472379	350021	6
416079	348321	6
356204	365988	6
389885	325700	6
377408	392397	6
447532	348993	6
428201	253998	6
371298	371999	6
383793	325400	6
318725	370134	6
341632	345178	6
396211	360488	6
378720	345448	6
386347	405070	6
415263	370619	6
427602	375287	6
379737	370237	6
459192	376748	6
357065	369228	6
380749	430001	6
371283	355546	6
378192	372464	6
423433	310694	6
357336	264834	6
317109	340240	6
289558	374472	6
306864	361644	6
351266	419827	6
372599	388065	6
422178	487831	6
356894	365368	6
425363	445783	6
353506	308300	6
436791	341829	6
364850	281141	6
358646	356180	6
376996	279269	6
314760	408261	6
457021	327044	6
335052	264541	6
339835	328913	6
332733	395354	6
350564	457296	6
401457	289902	6
383102	366976	6
308983	359863	6
377055	385019	6
392885	378233	6
372260	356084	6
328727	342509	6
332002	311651	6
374397	352102	6
409373	460189	6
417408	357278	6
373599	365225	6
372401	349119	6
364108	331315	6
405288	263923	6
305239	371610	6
385831	384008	6
540052	459258	6
430428	375579	6
337156	343572	6
363898	477274	6
338458	327856	6
367206	369322	6
406289	387895	6
369921	411422	6
375413	365332	6
353288	364687	6
503656	295674	7
535981	316925	7
448009	266109	7
566626	199095	7
494774	258343	7
569751	225919	7
560239	239610	7
577537	168974	7
584802	352797	7
543093	219885	7
575227	195540	7
370335	274455	7
500332	249531	7
400364	350752	7
477588	298548	7
516152	247535	7
514980	324427	7
569069	172968	7
480263	278178	7
506817	219963	7
499148	339490	7
465333	249987	7
582402	259170	7
513900	216360	7
622682	212681	7
510351	229529	7
493349	351510	7
497326	215417	7
471971	286743	7
647465	342549	7
436503	314099	7
459642	281315	7
540428	221541	7
546966	152940	7
552151	338831	7
566027	240539	7
494568	226687	7
551545	205624	7
458038	262329	7
616289	263144	7
560509	369073	7
485477	306284	7
528860	187527	7
509395	228290	7
584729	58137	7
617668	195425	7
537131	223748	7
572024	170773	7
462498	316215	7
523227	255937	7
495860	208275	7
574196	247650	7
559039	220600	7
632667	314347	7
452381	234767	7
525519	196962	7
545807	166869	7
514818	103905	7
617111	171489	7
524094	215770	7
447824	363719	7
474701	236026	7
551152	211963	7
499707	207086	7
635260	255354	7
490006	256265	7
497787	303510	7
518227	230469	7
490244	294120	7
542494	214159	7
502945	207939	7
345312	277057	7
540003	334127	7
511653	272236	7
636552	326183	7
492722	188874	7
511973	236875	7
462779	153467	7
547015	384831	7
460464	35412	7
431420	277115	7
658002	94823	7
556343	194457	7
444915	218539	7
523680	62036	7
485605	212148	7
560276	230322	7
514366	221862	7
509385	227434	7
497370	222554	7
539989	208365	7
526659	241637	7
479423	263578	7
445267	250220	7
502007	196552	7
494584	181466	7
531736	234284	7
451488	300301	7
472030	187604	7
584896	196873	7
526011	228807	7
445229	147661	7
479840	232732	7
407030	299600	7
431041	281364	7
481382	139773	7
560981	269131	7
462742	127199	7
499190	176057	7
513710	241513	7
562232	222763	7
498977	185731	7
490757	172403	7
501288	237232	7
489805	236466	7
494394	212360	7
381085	112035	7
542370	226464	7
537533	251305	7
533434	241313	7
493108	235730	7
508675	225548	7
512162	195763	7
494155	239892	7
426029	168434	7
518804	120852	7
510411	223888	7
563888	244616	7
477073	128217	7
484528	258193	7
437201	284518	7
663039	172842	7
593975	159306	7
496968	249265	7
478123	205769	7
510251	234194	7
517372	218144	7
497497	231766	7
499119	245691	7
508756	238466	7
558756	206869	7
437520	361708	7
677240	224219	7
533681	146244	7
430278	83730	7
509169	222330	7
498590	192790	7
621190	154437	7
679378	398177	7
538873	130338	7
543430	235180	7
512415	230690	7
515054	288016	7
502466	158534	7
597139	227672	7
605679	181397	7
511329	228986	7
473604	192432	7
504594	231356	7
565874	225457	7
544110	254246	7
566729	238873	7
445210	269749	7
472774	110195	7
592159	201451	7
660456	234749	7
524378	258919	7
577078	204642	7
460409	235591	7
509041	207812	7
452481	251180	7
515711	206627	7
572194	254824	7
471421	239195	7
497659	239578	7
500839	189515	7
515131	299890	7
515416	229203	7
492912	178741	7
510470	252301	7
485417	182604	7
512101	219705	7
517940	240403	7
518808	224941	7
495414	196975	7
534699	255599	7
457813	254803	7
509419	227854	7
574065	240817	7
410112	228844	7
587453	195205	7
477194	221648	7
501219	218857	7
479124	138804	7
561296	361470	7
453805	318240	7
573866	229815	7
509544	229825	7
557329	242054	7
601600	227268	7
487638	198905	7
687105	185838	7
511475	236265	7
448940	205989	7
432112	359864	7
547778	222814	7
502462	229096	7
516500	249322	7
559441	152628	7
474574	174721	7
454717	179541	7
466587	223213	7
552078	227896	7
553654	232284	7
585941	241955	7
557476	303862	7
602352	149691	7
437266	216416	7
593087	310161	7
416721	251006	7
456232	122623	7
487982	335790	7
536007	259547	7
521857	177225	7
534727	124760	7
431088	182915	7
517068	176100	7
538380	235657	7
459619	250239	7
509579	225557	7
608981	316729	7
515459	273658	7
498700	199425	7
521529	211561	7
597762	278482	7
538299	232982	7
530017	250261	7
470163	199511	7
534045	227073	7
550701	254308	7
499102	159599	7
589470	85053	7
503546	191734	7
508838	230176	7
493422	198054	7
568064	213517	7
508226	196576	7
481416	271875	7
519664	251744	7
514694	219359	7
502894	192020	7
595235	110594	7
532342	275990	7
427342	207325	7
496472	164119	7
536778	143638	7
505356	198197	7
516680	245898	7
541684	199497	7
479632	231671	7
342627	125635	7
579290	212980	7
560020	167974	7
525448	251695	7
521225	311496	7
467574	211645	7
705295	225559	7
478434	158150	7
499227	222450	7
512622	234095	7
540072	322147	7
437235	262730	7
552778	289888	7
507000	248364	7
566220	213782	7
463639	395449	7
426487	273715	7
509209	100953	7
661004	230824	7
432405	211354	7
524441	216880	7
506268	114805	7
588681	300145	7
513902	326889	7
482060	307895	7
575292	209303	7
399501	323045	7
650560	305042	7
606805	307770	7
530847	179761	7
575503	175012	7
549810	427036	7
497371	211454	7
494734	242163	7
505754	236201	7
517521	180537	7
397181	222849	7
533840	275711	7
552314	163366	7
432206	217590	7
453627	293252	7
500745	113446	7
557874	9597	7
480300	237725	7
519095	226734	7
496876	208159	7
527512	168267	7
475525	330832	7
386209	310660	7
483663	321405	7
398118	186907	7
387919	279132	7
407990	267836	7
518141	245381	7
466351	196034	7
538239	149606	7
623234	215196	7
512072	296524	7
543786	230497	7
492724	251149	7
495588	209126	7
479058	203531	7
537874	246621	7
598893	205059	7
469229	259390	7
472530	234439	7
494533	301236	7
504658	361939	7
491017	222073	7
551564	157194	7
489316	177538	7
477083	222161	7
436573	287137	7
425710	241571	7
475595	211770	7
350272	345089	7
339264	580146	8
340978	518122	8
326840	499242	8
474297	519429	8
424206	487406	8
414385	550179	8
374934	530557	8
471054	486398	8
311145	510325	8
369359	509929	8
377285	511466	8
399907	542156	8
438395	612942	8
419681	550940	8
382886	607736	8
351945	509863	8
393540	538142	8
488671	612255	8
359309	549605	8
514997	566360	8
483545	603777	8
381999	424074	8
405372	470701	8
388025	486307	8
429739	459366	8
449311	399026	8
375945	442031	8
407328	509636	8
375481	464528	8
386966	496279	8
413293	453825	8
317662	447405	8
377102	507203	8
429544	499350	8
438505	521732	8
371040	498407	8
414181	516962	8
387596	492999	8
323613	495383	8
383247	510514	8
349871	557398	8
381470	512803	8
398176	532981	8
240969	457737	8
384823	480149	8
428893	443190	8
317768	562655	8
443042	581849	8
392996	453542	8
389110	474104	8
369145	506921	8
352806	621423	8
381491	510962	8
309320	390550	8
463237	497463	8
432773	525954	8
368589	589583	8
408781	359664	8
368498	518822	8
277029	437099	8
365927	518208	8
384761	520645	8
389695	357637	8
379382	573518	8
405162	504852	8
390801	515484	8
394585	518364	8
373052	509568	8
382901	502270	8
367352	562982	8
371418	578900	8
386788	468955	8
365122	509591	8
400783	493859	8
335911	566841	8
289070	569453	8
337785	575279	8
367734	471852	8
436720	453887	8
369909	524810	8
303070	488864	8
372759	382142	8
307326	516225	8
420516	538984	8
428054	547700	8
367858	640658	8
412237	509518	8
370716	545135	8
358969	461938	8
387006	365753	8
295267	541836	8
377832	511201	8
356490	486078	8
444815	480832	8
375120	516194	8
301688	501377	8
391176	361207	8
290902	507379	8
384736	541613	8
378345	510857	8
302660	412685	8
358295	566822	8
237807	493591	8
374774	495347	8
398094	459777	8
449146	653880	8
366387	487934	8
272209	427333	8
481142	633234	8
415382	478292	8
397951	494201	8
478326	708137	8
417202	533578	8
408257	545004	8
378959	515336	8
371271	530592	8
443564	514651	8
392839	556665	8
460197	515162	8
375168	510466	8
321633	565353	8
312215	444116	8
402554	455409	8
271765	312793	8
388538	484753	8
279102	467997	8
385365	330135	8
378190	510981	8
379376	510729	8
346866	447872	8
370214	490087	8
380128	511326	8
408764	504837	8
438126	511128	8
342526	416946	8
428295	565596	8
345118	658977	8
414113	508237	8
349229	542277	8
327168	555570	8
403652	443110	8
394612	535586	8
407363	475045	8
442222	473779	8
274679	456045	8
485469	594299	8
359121	489088	8
380501	493733	8
364129	662621	8
448802	618937	8
354989	505672	8
320610	464124	8
461572	542377	8
366691	510757	8
398363	375204	8
383166	510826	8
404059	406035	8
405321	560238	8
383804	510246	8
343934	512961	8
339486	424913	8
434412	523885	8
526676	535658	8
263456	487621	8
361478	511832	8
366368	554403	8
356789	450138	8
356548	543896	8
388097	537110	8
364503	467789	8
470320	577411	8
316254	589068	8
320084	451698	8
350728	473945	8
460752	693277	8
383882	467876	8
393882	506197	8
399031	434323	8
312866	513184	8
363817	570190	8
465151	502889	8
385002	533968	8
376966	510165	8
385465	528485	8
380170	524090	8
382516	521597	8
382504	504819	8
346589	500782	8
329004	502766	8
378527	506984	8
331100	500172	8
382235	503283	8
354349	465477	8
262504	554149	8
413042	537477	8
381300	607663	8
458347	486281	8
338992	511372	8
299473	486291	8
373773	504985	8
382835	465859	8
355853	594634	8
351216	480344	8
378440	510829	8
353385	478394	8
489658	461674	8
375059	509133	8
396645	547107	8
373673	508605	8
385879	520211	8
394669	418832	8
332603	522834	8
371510	560728	8
292365	496252	8
372610	511001	8
395979	364434	8
370201	534537	8
425825	569409	8
371855	541460	8
376504	529737	8
358315	566352	8
445897	514840	8
383154	499428	8
372231	528065	8
477545	601189	8
407112	493437	8
372824	507219	8
410154	547931	8
391412	529416	8
363439	610592	8
378367	441728	8
373045	450574	8
352651	521729	8
411536	690366	8
349540	500280	8
334254	517396	8
388778	569602	8
401994	470151	8
273530	570490	8
375741	682920	8
402954	533264	8
394876	482148	8
317019	496546	8
381000	491598	8
413758	501496	8
227410	478132	8
374608	510962	8
321332	511304	8
295729	333295	8
379389	508276	8
396573	517184	8
387960	528452	8
439033	405932	8
394327	453212	8
253531	521138	8
410846	484750	8
306863	373324	8
399860	494042	8
379225	509739	8
268538	409032	8
417582	480179	8
355661	522002	8
357012	520555	8
400248	538143	8
383257	559503	8
363069	480375	8
363082	511952	8
477186	493390	8
362113	482058	8
407956	512652	8
376501	485830	8
413278	475798	8
353910	476153	8
372194	522412	8
365844	637364	8
335272	533308	8
357258	582028	8
371460	585601	8
345113	494095	8
377385	592388	8
379189	509799	8
342216	508600	8
378940	509681	8
400848	511168	8
492867	523599	8
353006	508082	8
382689	511634	8
281970	367364	8
377613	515672	8
375077	498354	8
256924	409093	8
384378	525131	8
358178	506556	8
390444	538996	8
360206	512981	8
382985	512941	8
258330	486704	8
421363	524813	8
517354	563321	8
355123	433027	8
265123	527287	8
415224	474693	8
337784	447767	8
457232	611762	8
337512	451998	8
379730	572289	8
455681	527521	8
323121	510095	8
450684	445728	8
374244	462108	8
368320	504774	8
513496	493113	8
297345	494130	8
341200	610739	8
434553	654918	8
414055	603691	8
482651	553756	8
395783	539534	8
439538	488334	8
496042	499489	8
333271	493729	8
411317	479509	8
302482	463664	8
506074	648006	8
350977	624668	8
379156	510502	8
294830	519128	8
453998	550248	8
248547	508865	8
320810	519767	8
341581	488503	8
385289	453101	8
369275	526126	8
341734	367869	8
412077	584312	8
387573	507536	8
498728	524643	8
299134	274855	9
285907	274279	9
241604	274647	9
290005	275418	9
299253	275523	9
300428	269681	9
235364	276550	9
292790	279999	9
313339	273480	9
219401	281453	9
322150	271604	9
353377	275000	9
286677	277716	9
289274	276217	9
261785	274377	9
276711	281856	9
331789	280632	9
288179	274448	9
293387	272807	9
338833	270177	9
410890	278600	9
293693	277815	9
288134	274790	9
257578	272564	9
339096	269972	9
287373	276028	9
288665	271407	9
289307	272318	9
266006	272599	9
122027	279247	9
316573	268535	9
301852	270071	9
290640	274631	9
317035	273024	9
294211	273311	9
285663	278933	9
288951	275169	9
309269	278536	9
287388	279758	9
307277	273634	9
253770	272165	9
287812	276450	9
290725	274850	9
288395	276160	9
212798	276529	9
296995	282085	9
286716	275822	9
296259	277860	9
295166	268493	9
281723	276385	9
291777	273565	9
293033	272508	9
257015	279342	9
311681	273058	9
291287	276584	9
292784	278013	9
285722	282403	9
289399	274759	9
287991	269759	9
287705	273934	9
286687	274633	9
285773	273113	9
279728	280500	9
231657	282227	9
278805	268620	9
506497	272523	9
283183	272227	9
263605	280411	9
264565	273020	9
233299	278091	9
281767	279131	9
302952	275281	9
282951	282565	9
301796	268676	9
306883	275627	9
281331	272797	9
300825	274377	9
294334	274291	9
295682	271300	9
291170	272427	9
247947	278178	9
288593	276603	9
293163	279771	9
298239	280252	9
322121	277021	9
287659	275510	9
306681	281129	9
272768	272833	9
289026	275049	9
168096	282992	9
292248	279497	9
270279	274414	9
237278	277350	9
265378	282819	9
304890	271327	9
262328	269075	9
260064	279837	9
274185	276321	9
291043	281863	9
316331	269679	9
287162	281998	9
287010	282503	9
284513	280098	9
285521	275070	9
513565	270901	9
287417	275496	9
298017	270773	9
297667	279557	9
345423	275707	9
246236	277021	9
285030	278988	9
299821	278879	9
291188	280030	9
289824	276612	9
292463	270011	9
276301	268652	9
332810	268261	9
285510	275140	9
282211	270000	9
286969	275333	9
302378	269422	9
236410	279062	9
166387	278154	9
296362	269049	9
356967	268021	9
268916	278029	9
293725	281216	9
295381	276851	9
376066	276711	9
284178	270241	9
268634	278915	9
304688	269144	9
290962	273490	9
269365	283375	9
343540	273772	9
329217	274592	9
291290	277874	9
346965	271937	9
283153	268215	9
289131	275573	9
259028	279428	9
284891	280219	9
286571	268516	9
275730	282254	9
259855	276135	9
291910	272452	9
305635	277720	9
292611	277526	9
117738	279945	9
280566	270818	9
291408	268323	9
268630	270829	9
289249	277997	9
288315	277194	9
269656	269546	9
288609	272271	9
293325	269994	9
304572	270872	9
292380	271371	9
294247	278917	9
285678	272268	9
301392	274819	9
257310	276410	9
286433	276635	9
299964	272534	9
282134	281698	9
323595	273627	9
283957	280633	9
316029	270221	9
292821	278699	9
280220	276259	9
299285	276734	9
281028	278064	9
374513	279976	9
288114	274910	9
274694	282365	9
288100	276163	9
289436	268735	9
287737	274736	9
290520	274781	9
287512	282553	9
224685	279254	9
299231	277903	9
348925	279020	9
366302	278416	9
289506	275448	9
203355	270473	9
291343	278196	9
406895	268743	9
280254	282053	9
287157	273778	9
303720	272717	9
315045	273404	9
319780	281991	9
286454	281273	9
281887	270978	9
266924	277145	9
289501	277800	9
286054	278175	9
268156	271966	9
288835	275740	9
292578	277222	9
284687	279666	9
288961	268728	9
320860	282242	9
366781	278852	9
289856	275939	9
285364	281420	9
318065	274962	9
274732	282721	9
288465	275750	9
299053	277964	9
282284	272183	9
326790	281328	9
295194	270215	9
292087	272874	9
284099	278828	9
262530	281955	9
307505	273877	9
287100	273980	9
316050	274451	9
288647	273588	9
262989	271075	9
307831	274164	9
245714	271866	9
270052	276051	9
292814	272264	9
196183	277668	9
310341	273075	9
308319	280423	9
304314	268156	9
288246	275558	9
340121	270958	9
286585	278293	9
292719	276391	9
290585	273300	9
405950	266467	9
302252	270642	9
286890	277908	9
309037	270386	9
303585	268740	9
287727	276133	9
301444	270320	9
296996	270743	9
287703	276313	9
286018	275195	9
287597	274164	9
291521	278765	9
304702	279314	9
266070	271303	9
251305	274739	9
224937	271378	9
288257	274154	9
238554	276511	9
469826	265876	9
295718	281059	9
280924	280643	9
292542	268644	9
326485	274914	9
252896	281940	9
196891	284230	9
288013	275423	9
291583	269535	9
274122	270251	9
324166	274871	9
290562	270551	9
289070	275000	9
286063	273929	9
293783	270528	9
219182	270556	9
368439	272109	9
287029	274224	9
290516	276536	9
290378	270801	9
283921	281611	9
286346	274245	9
288646	275547	9
214994	276779	9
284477	276260	9
265454	274804	9
289446	277246	9
263655	278645	9
295209	273327	9
142214	273580	9
352961	268448	9
278709	280678	9
287706	274897	9
337512	274016	9
289070	278105	9
295182	279819	9
291984	278755	9
216868	279152	9
284120	273704	9
273640	273459	9
312916	268864	9
274491	273538	9
300417	280692	9
284942	282117	9
340928	280088	9
392990	280017	9
280735	272084	9
285485	275845	9
271997	276324	9
278122	270625	9
369378	275818	9
298171	271176	9
284660	272827	9
258011	276823	9
309493	269952	9
295332	281306	9
369414	278554	9
281223	269999	9
350878	267878	9
288290	275048	9
252881	272563	9
289100	271736	9
476565	272605	9
312010	268037	9
287850	274547	9
277258	278355	9
295946	268176	9
288835	278601	9
398718	269306	9
278602	276777	9
288536	274633	9
236397	273066	9
290479	277205	9
135383	277657	9
291523	281265	9
286548	279368	9
286058	275851	9
282147	275715	9
328572	272912	9
297628	269615	9
298686	273282	9
283393	275519	9
326735	274127	9
292892	275029	9
299133	278409	9
286273	275090	9
255021	281608	9
346167	268174	9
288299	275557	9
283908	271277	9
336752	639547	10
399497	712179	10
463746	632898	10
577844	634244	10
475475	591284	10
571279	694493	10
457552	678055	10
669008	619609	10
404005	704300	10
461989	614213	10
589187	629534	10
506840	699708	10
532166	594103	10
465697	623269	10
552708	671247	10
485788	613123	10
469704	648200	10
233851	622248	10
528918	559950	10
492604	656040	10
478818	637145	10
469372	628133	10
435740	597196	10
496938	546498	10
501097	661538	10
438824	673121	10
312081	650566	10
437687	578571	10
509713	688548	10
455575	641879	10
407162	630404	10
400481	697281	10
405975	671515	10
484580	636690	10
529859	601535	10
522434	563759	10
480604	655498	10
355222	747510	10
472938	657860	10
438476	580003	10
549766	642782	10
583515	697859	10
496287	719934	10
368568	611961	10
442645	621828	10
466309	685166	10
506719	533901	10
432825	604275	10
453760	633156	10
408616	693619	10
403682	736079	10
474226	681936	10
425106	692878	10
442279	659455	10
483411	615431	10
519483	664060	10
482577	642286	10
432019	633039	10
481793	595804	10
420542	649675	10
434325	667337	10
405585	541932	10
476058	640441	10
421809	629456	10
557239	535273	10
309267	672305	10
241281	603117	10
395797	651013	10
461089	638117	10
437755	682350	10
464018	633185	10
435393	652403	10
459102	630450	10
571015	607608	10
482450	680610	10
392965	625385	10
461501	636274	10
383835	623028	10
446131	628697	10
452079	707740	10
459991	579713	10
431586	637794	10
490732	597428	10
514777	585419	10
444997	623787	10
471582	638119	10
469676	625733	10
453500	632751	10
497699	633663	10
427579	641186	10
535960	711956	10
454720	613792	10
458477	649013	10
555155	635970	10
455911	627980	10
433433	715988	10
502285	647322	10
459506	621823	10
526806	555661	10
557375	649104	10
455524	627978	10
353955	628315	10
265404	643669	10
489264	649976	10
597827	545571	10
477066	717144	10
494652	588906	10
418066	540712	10
373494	660520	10
479905	635998	10
466178	562751	10
468306	625746	10
520924	630897	10
422392	567314	10
393413	724794	10
642053	649746	10
462986	630962	10
521718	652465	10
444669	634319	10
535707	699013	10
380429	664095	10
509057	609444	10
473104	639811	10
279420	704846	10
461828	628644	10
448228	603739	10
440634	693293	10
539806	663837	10
465690	632383	10
459373	663230	10
424068	608247	10
534054	721583	10
480708	612705	10
619572	529057	10
467148	625555	10
448565	618176	10
430760	532588	10
465776	631862	10
389264	689154	10
479432	590186	10
478205	635455	10
437499	628430	10
453044	546822	10
484413	637064	10
516557	613138	10
534587	701140	10
446413	657659	10
463891	632903	10
469011	633072	10
472510	678347	10
481123	623647	10
464363	663645	10
425051	533953	10
469822	657044	10
431017	666132	10
412286	635381	10
464194	628159	10
464364	632949	10
523419	641451	10
452113	583904	10
467995	635966	10
450794	660489	10
345730	626199	10
539173	686036	10
395849	585002	10
423318	527653	10
464786	641191	10
491225	657305	10
549645	592801	10
667745	563162	10
554791	656438	10
415118	606349	10
376518	719713	10
555903	694280	10
466711	632793	10
409301	676907	10
496868	666055	10
496034	567911	10
446858	608633	10
553325	702449	10
526457	632973	10
392970	540824	10
448743	639940	10
582242	668065	10
458327	634398	10
455024	612019	10
472480	639417	10
399838	665730	10
383069	555580	10
602139	597281	10
424376	586188	10
389420	718544	10
477977	648506	10
392196	695109	10
488273	580302	10
463182	635201	10
469031	574696	10
507359	588431	10
542200	663105	10
458169	639172	10
490497	656656	10
467743	630583	10
505572	656262	10
388638	609717	10
458358	634384	10
549574	632839	10
522672	582828	10
502068	649704	10
467748	631342	10
482823	560135	10
475470	646600	10
480388	690787	10
442567	669361	10
482850	677480	10
434215	670781	10
600822	691430	10
465385	632208	10
469013	640354	10
434260	605400	10
312903	567946	10
439094	625850	10
449701	634466	10
440137	588171	10
371873	544378	10
464684	641276	10
532093	689903	10
466822	637084	10
554913	563014	10
455275	675233	10
457098	670929	10
403888	609727	10
373400	727341	10
487681	614892	10
427220	692545	10
452869	666306	10
444511	708472	10
369954	538763	10
469350	680470	10
427120	612089	10
464636	623732	10
511667	606438	10
445837	678231	10
513791	704270	10
506173	560378	10
470374	644630	10
418396	701674	10
419135	683980	10
507818	684836	10
412768	641315	10
497960	575633	10
447559	592189	10
465018	636353	10
510792	616416	10
464252	632440	10
461778	633789	10
458408	637519	10
495849	612620	10
582139	554359	10
512076	581870	10
474968	636221	10
497497	605381	10
437610	584345	10
390569	698439	10
390892	566215	10
461357	532342	10
434286	649590	10
521460	580654	10
487081	589326	10
476455	700340	10
445207	619696	10
511448	636654	10
452075	591790	10
463415	632212	10
409935	590954	10
479953	629800	10
450210	612144	10
501036	714971	10
481933	548081	10
408059	614693	10
369303	582840	10
364655	549541	10
439870	557492	10
440584	643881	10
436782	596799	10
386975	576349	10
464574	632264	10
322291	645689	10
310509	614357	10
454298	642135	10
574147	601965	10
459354	621234	10
495728	591231	10
578379	565973	10
431338	637751	10
583268	650932	10
433782	601964	10
426418	598128	10
532930	620356	10
438658	613290	10
578203	713387	10
497809	671811	10
454742	633247	10
424782	603999	10
469083	613888	10
418387	558839	10
413862	561526	10
468376	666788	10
466307	577544	10
557813	702873	10
532264	602765	10
527235	662983	10
419439	658297	10
498076	668015	10
586453	686756	10
507003	528730	10
441235	677530	10
460931	645305	10
442949	654208	10
463964	632712	10
439919	616042	10
478262	520126	10
429791	563582	10
494120	583600	10
466142	631171	10
465325	632065	10
450751	554254	10
439818	647083	10
446877	663917	10
430066	618539	10
462442	631818	10
463164	635091	10
464470	633806	10
614104	680659	10
497977	671573	10
486770	643553	10
473098	613252	10
414129	659474	10
468241	634802	10
453223	609292	10
504784	664964	10
472301	639385	10
435875	644142	10
358630	652109	10
484026	601943	10
461704	603454	10
472483	611973	10
410229	616387	10
649910	625248	11
617211	631988	11
622832	618778	11
575357	661921	11
578092	656735	11
659513	637289	11
583087	618959	11
550332	681414	11
694170	612590	11
632875	717510	11
606283	667458	11
641467	549212	11
598899	716768	11
589711	636620	11
669529	548358	11
605269	608664	11
691394	593808	11
671496	607664	11
573994	641136	11
656805	617923	11
519423	667182	11
656402	592213	11
691764	622505	11
709633	537584	11
628526	619847	11
637532	606229	11
627991	599625	11
541817	692887	11
558306	597282	11
543056	817310	11
626425	636735	11
798047	584734	11
623579	671284	11
615440	581992	11
623323	600584	11
582455	644183	11
548533	648685	11
588195	617742	11
636971	500191	11
574932	596872	11
631454	601120	11
635728	537722	11
584371	523305	11
619885	618155	11
698361	639684	11
626200	614612	11
603925	635585	11
616208	687645	11
612934	588713	11
554204	535718	11
611922	605941	11
631219	591695	11
633889	621072	11
630577	598751	11
687537	625974	11
644730	627769	11
633773	669038	11
627280	574802	11
631776	619636	11
636915	480823	11
680362	624006	11
621105	572388	11
617389	601083	11
683104	524364	11
560176	718058	11
630560	610806	11
617132	601464	11
636528	710588	11
593704	594782	11
703495	716756	11
655699	652507	11
634209	594980	11
589535	639518	11
694171	614446	11
573778	641167	11
644424	612520	11
723506	624868	11
698462	556517	11
624151	634551	11
695661	604521	11
593967	588297	11
657781	621826	11
689506	635550	11
648075	567153	11
622136	680576	11
592226	638772	11
630416	609858	11
571389	589866	11
647126	623480	11
627292	556777	11
615363	516165	11
626878	613319	11
617419	642222	11
628667	554291	11
628471	677352	11
721596	545792	11
638562	638882	11
623388	490120	11
669181	561285	11
504661	585764	11
662042	634119	11
619059	612266	11
591730	619087	11
555496	659051	11
629694	638195	11
585439	604573	11
568004	468159	11
572541	515979	11
663505	608306	11
692047	790896	11
630536	609816	11
753621	589256	11
585156	646852	11
618282	618142	11
629427	618502	11
627441	570230	11
642618	669366	11
647768	617591	11
645832	612506	11
659459	613158	11
610732	554795	11
589637	579063	11
697194	581805	11
631312	613850	11
661323	572240	11
635688	586825	11
708603	601648	11
668576	489476	11
647749	599934	11
620416	553616	11
575238	523469	11
580622	671022	11
637265	603154	11
617942	553950	11
823442	546262	11
563803	588931	11
630931	615329	11
639700	696146	11
498084	647508	11
611488	617618	11
619207	608556	11
513417	615486	11
631005	568715	11
626191	611801	11
640090	737031	11
593355	679976	11
712455	624363	11
620811	564089	11
647159	623981	11
621183	613649	11
628715	609644	11
552741	659761	11
612614	653567	11
672867	583314	11
633109	554789	11
601294	522777	11
705751	607434	11
636163	622112	11
620086	593858	11
642661	736391	11
675534	601915	11
646174	605208	11
718978	637655	11
630998	604253	11
628469	566089	11
579683	531091	11
566557	597340	11
635818	604903	11
621044	650431	11
712607	700924	11
656046	599782	11
679873	596471	11
587123	618944	11
636198	605661	11
642624	606397	11
629952	614586	11
625891	592969	11
637084	610109	11
576404	639174	11
677985	758571	11
568542	613033	11
641311	522002	11
668989	669303	11
673322	578381	11
665282	514255	11
613261	602549	11
602620	625303	11
625641	535256	11
696253	578864	11
589034	511694	11
622732	499283	11
620479	556321	11
606181	628049	11
557466	616443	11
637954	613645	11
626273	559499	11
661198	712715	11
630235	608699	11
705819	652691	11
623145	632158	11
601177	628047	11
680969	563098	11
617821	600769	11
638789	606063	11
637945	560192	11
679404	639589	11
640720	515021	11
676998	578847	11
670466	527034	11
597672	775123	11
600670	560447	11
629860	604495	11
776918	480890	11
633530	653884	11
569354	607302	11
571211	563943	11
680803	635033	11
649818	585422	11
630915	609593	11
582912	618946	11
650928	492888	11
634490	625112	11
697277	659994	11
641085	646867	11
538246	564042	11
640320	614573	11
664331	679953	11
623894	606318	11
611219	537536	11
628409	593886	11
484053	684241	11
638534	488453	11
572190	520448	11
732795	471241	11
656238	605495	11
587263	514501	11
644176	604595	11
696275	591617	11
633765	608676	11
536782	566322	11
658136	680522	11
651273	638906	11
604841	613581	11
503445	668720	11
600939	618996	11
632572	629529	11
664951	588006	11
655059	598555	11
697894	566296	11
659699	625721	11
598893	619913	11
631012	572739	11
635410	721750	11
642417	652558	11
710959	680460	11
573765	590502	11
643710	653514	11
640673	604083	11
620701	666458	11
697602	537990	11
633300	602637	11
620569	596193	11
726976	551389	11
714107	578214	11
607116	516197	11
422263	611172	11
640722	611710	11
731144	726001	11
630419	611055	11
632015	541885	11
657489	611094	11
585793	528244	11
455511	738637	11
565299	645569	11
801631	514067	11
636229	607743	11
625223	604907	11
665701	633818	11
638306	680783	11
629731	607384	11
562958	637382	11
661178	598530	11
623507	579181	11
704791	610359	11
623838	621387	11
556883	580078	11
634890	592678	11
650861	595071	11
633330	634280	11
629765	568902	11
561586	693267	11
699883	765866	11
592470	631469	11
754931	558862	11
568383	481631	11
691977	727417	11
581446	602526	11
606642	636968	11
596802	463306	11
541675	524982	11
631223	575895	11
653576	620758	11
660670	622073	11
503714	517050	11
639377	600984	11
611065	696100	11
711557	626306	11
540650	617172	11
664337	597699	11
619457	602458	11
561214	615740	11
613930	668604	11
688173	618811	11
671296	598974	11
586193	478369	11
580874	782262	11
558163	595342	11
612375	615598	11
541019	618433	11
636233	652223	11
727222	705846	11
763100	661096	11
567816	567860	11
549678	611854	11
542868	633497	11
611707	595974	11
704278	592494	11
624960	616839	11
620412	606509	11
657947	628338	11
623450	633576	11
672792	605272	11
595892	646450	11
657016	608442	11
517277	593395	11
530342	524797	11
622613	635948	11
545887	639256	11
629344	606297	11
584648	643804	11
628006	622631	11
746606	456500	11
659850	603168	11
594101	561804	11
643439	611714	11
659303	624532	11
660049	574312	11
803739	547964	11
711480	597882	11
546389	485084	11
530027	378620	12
442650	358456	12
546590	396110	12
570090	305745	12
444263	375405	12
616218	362709	12
502627	427544	12
545293	386905	12
548699	383905	12
560852	328031	12
543708	385472	12
532165	382437	12
566733	363682	12
623661	352896	12
561055	384590	12
561982	387723	12
542834	389119	12
588052	366955	12
557054	427828	12
517593	405697	12
490084	368875	12
563477	351564	12
535436	334894	12
556420	370507	12
578751	428786	12
522878	409260	12
540130	430900	12
539977	412373	12
539210	381638	12
510570	432973	12
491932	345343	12
539375	410886	12
469770	446455	12
513680	424871	12
547652	353684	12
546896	392233	12
616574	361738	12
530983	354831	12
546269	391505	12
507327	331538	12
524890	446945	12
553162	360100	12
546519	430681	12
489467	384339	12
455780	335770	12
527878	455019	12
533828	454198	12
544678	390640	12
598361	302774	12
502701	551643	12
559107	402724	12
484683	418281	12
554131	394708	12
581313	411001	12
575112	356102	12
548365	456576	12
523857	385844	12
457713	366411	12
499669	482408	12
605666	372751	12
540762	384822	12
500416	414204	12
630207	316520	12
503307	213168	12
551371	392261	12
496026	441306	12
565490	369645	12
596381	313518	12
530786	205309	12
561993	320127	12
532618	396669	12
562910	521570	12
544608	361325	12
623005	480104	12
456834	370408	12
590854	280856	12
599129	358269	12
497978	271410	12
475793	422956	12
460347	352344	12
566549	381277	12
564559	372209	12
541182	408809	12
653377	453041	12
581693	328287	12
551190	377068	12
609943	409322	12
520050	379382	12
530246	539181	12
471125	335306	12
580995	366165	12
500325	485164	12
534914	353213	12
483781	477931	12
458403	283792	12
556614	350612	12
592682	251360	12
488264	374282	12
559642	378362	12
442584	275373	12
459209	356370	12
610746	316106	12
598457	383756	12
545553	389665	12
533546	451292	12
580684	401552	12
549522	438309	12
573858	391298	12
466186	469914	12
538980	429070	12
556556	476970	12
546949	392862	12
572337	397668	12
502295	299653	12
535681	429479	12
516343	429168	12
512875	334656	12
648260	386377	12
586568	377685	12
560662	390769	12
547081	371775	12
567394	358366	12
533449	392613	12
527136	419785	12
563838	408566	12
540383	398296	12
537621	404611	12
530170	395859	12
561053	382324	12
501493	308232	12
615451	440549	12
499643	440818	12
580853	408557	12
518888	402840	12
547162	394047	12
547496	394236	12
448804	286892	12
560991	363614	12
503518	455970	12
544310	391070	12
561053	368700	12
622769	374483	12
547476	301355	12
521621	373573	12
449084	439585	12
557389	367671	12
541997	449736	12
520030	338778	12
534690	361391	12
580684	356891	12
535910	390011	12
534822	407501	12
521002	384245	12
516070	448054	12
545135	384771	12
465822	413381	12
542670	394591	12
519276	379494	12
523790	385141	12
595921	315141	12
544606	344988	12
596251	277479	12
599306	452765	12
640029	440538	12
512339	396182	12
484538	456828	12
555926	398708	12
444649	430332	12
555286	391967	12
549282	394102	12
419603	258046	12
536778	406027	12
501276	439591	12
559729	385287	12
479171	238095	12
598433	355792	12
559492	399840	12
488147	336928	12
474268	433642	12
514524	382330	12
519388	404308	12
445305	289066	12
570977	341409	12
577502	399798	12
487050	338099	12
544716	392197	12
535737	371177	12
561202	345859	12
552140	415848	12
575746	387766	12
551713	376914	12
549423	388013	12
580112	349593	12
543869	389215	12
526121	298793	12
532599	391468	12
494363	529995	12
524704	397705	12
500730	338892	12
557873	343824	12
558138	403953	12
488553	317126	12
554261	380329	12
536029	400076	12
490391	450933	12
490677	184660	12
562235	412601	12
527776	446827	12
575501	347632	12
546459	364082	12
553711	408932	12
602461	312306	12
508422	347012	12
629419	397596	12
464386	360101	12
672556	532487	12
514911	359177	12
554962	370351	12
517382	445109	12
471734	294680	12
529722	390085	12
472891	380377	12
470031	423574	12
557165	437751	12
638085	421095	12
613782	393457	12
544133	404838	12
532797	353900	12
528294	382574	12
538508	387771	12
616768	430889	12
555211	397545	12
568435	354191	12
603970	435650	12
559536	244488	12
543110	351657	12
573291	397926	12
506720	381814	12
516844	372007	12
538401	281627	12
601843	410192	12
501126	377706	12
504415	278690	12
579039	410017	12
667376	511978	12
559189	317834	12
548723	397935	12
543497	392747	12
571495	418239	12
533047	315852	12
525858	378767	12
499883	352111	12
525048	396365	12
441305	307718	12
489391	415264	12
595424	429032	12
540708	373301	12
548329	388145	12
527459	390676	12
527822	455637	12
499199	468129	12
477255	367363	12
561718	394740	12
552711	386154	12
537610	387401	12
499261	509523	12
497453	403434	12
546735	396982	12
460801	447463	12
544462	391822	12
478662	464727	12
585775	520746	12
506896	434173	12
508020	474580	12
583379	385700	12
507722	474290	12
515758	373840	12
461076	390085	12
623207	387217	12
538268	397819	12
666551	516054	12
512645	448029	12
547606	393156	12
490398	398837	12
552224	407659	12
541909	406037	12
529364	413929	12
615628	421953	12
556369	374032	12
544486	391485	12
564557	380605	12
540032	398686	12
588377	320193	12
543388	391925	12
529491	454316	12
534657	386102	12
489124	462819	12
595400	385669	12
580977	363025	12
604745	336357	12
634585	457339	12
616413	395714	12
599461	372058	12
573085	264740	12
538727	406487	12
515452	378778	12
576167	478435	12
552907	409476	12
465036	411976	12
527740	374274	12
538244	344918	12
601724	343548	12
564176	401252	12
487265	321412	12
544087	387183	12
554829	400410	12
535984	400936	12
583156	413986	12
561854	335012	12
496417	392201	12
590924	439467	12
524139	419386	12
554225	401453	12
494904	340497	12
499572	365645	12
517353	370310	12
569514	382224	12
535469	417134	12
525871	354649	12
550971	405255	12
542022	285983	12
515854	431296	12
593597	359848	12
572423	338826	12
508199	452593	12
580186	373872	12
546517	381482	12
555072	397279	12
559619	409971	12
557939	289249	12
496489	379475	12
575827	369384	12
647026	591658	12
537577	349533	12
618170	477731	12
554358	291475	12
517292	340791	12
546407	360127	12
616222	317606	12
239112	457799	13
240120	480996	13
239466	487458	13
232606	490472	13
250899	510157	13
243933	480058	13
242977	481530	13
234300	475240	13
227485	489574	13
211690	416507	13
266625	561478	13
135507	255075	13
246408	499648	13
243364	469265	13
237964	490493	13
325916	658979	13
250885	485604	13
249118	490097	13
239991	497299	13
231321	496578	13
237589	480992	13
236571	483130	13
224775	479933	13
247381	526239	13
237547	486996	13
243148	523302	13
241579	490951	13
237913	489058	13
227724	476743	13
245764	510495	13
233655	483589	13
235449	487820	13
225443	479153	13
240652	486071	13
253527	517116	13
196472	413126	13
242984	486742	13
235375	496790	13
209057	415159	13
266075	514607	13
239420	518996	13
240417	487895	13
252575	491065	13
240112	485180	13
245913	479987	13
225701	424966	13
260441	512715	13
245149	485991	13
247985	489357	13
245982	470273	13
234705	442544	13
297450	621287	13
227020	481706	13
231455	486627	13
218491	466435	13
240216	487653	13
240232	487195	13
237887	475964	13
239866	504395	13
210476	415273	13
259337	522683	13
249791	485432	13
255765	528140	13
231885	487371	13
236198	466239	13
234700	509371	13
250116	500132	13
238609	501769	13
287061	610787	13
263047	518544	13
241136	483195	13
243100	494698	13
250288	542394	13
228871	481011	13
252750	489138	13
250838	504143	13
243041	507195	13
252851	494593	13
221943	474721	13
223451	475070	13
245976	489296	13
225779	442662	13
241631	506077	13
212576	451916	13
274451	533382	13
215803	416656	13
241754	493304	13
274939	593450	13
252102	489717	13
216429	462423	13
243300	479859	13
244549	467315	13
244345	482008	13
260455	536778	13
189255	395304	13
290238	573159	13
246395	485393	13
251241	482675	13
237231	488491	13
235741	446215	13
232181	502524	13
242846	490191	13
164131	331337	13
239364	487627	13
211058	409153	13
256327	540177	13
265383	544724	13
239987	479125	13
226933	489162	13
232078	487683	13
240539	503018	13
202614	375303	13
229319	461715	13
239973	478989	13
252335	504403	13
207279	424861	13
235260	490017	13
279894	575330	13
236902	479663	13
216927	465663	13
244021	489515	13
191303	404455	13
242472	476639	13
244035	485956	13
205840	419272	13
243308	482065	13
246573	514631	13
217839	414908	13
223478	478969	13
230294	493819	13
238108	483470	13
254713	509653	13
294088	588519	13
252781	499025	13
232307	467520	13
199817	398327	13
250074	510515	13
252045	546063	13
246988	513775	13
246998	483135	13
247657	499818	13
248934	476415	13
258836	503204	13
199274	422098	13
224504	476860	13
244168	490244	13
235466	507787	13
246577	494909	13
231600	478812	13
229848	478108	13
281600	572833	13
235414	485662	13
237837	502911	13
263350	526078	13
224899	484665	13
244420	483470	13
241234	485893	13
192467	362026	13
306990	631614	13
231274	465952	13
237472	450472	13
256827	492759	13
240691	487980	13
259859	520049	13
233402	484596	13
242128	488243	13
238630	488763	13
269878	554253	13
237267	492688	13
241572	486575	13
239628	487218	13
249312	499400	13
199004	409463	13
239447	483987	13
235366	483406	13
263752	508492	13
230131	487597	13
239248	485154	13
245300	521833	13
235046	470503	13
240513	490021	13
242063	508205	13
257664	502103	13
178946	371885	13
231167	456850	13
227827	451999	13
263551	511672	13
240496	485864	13
240698	515184	13
255235	550443	13
232160	472553	13
233112	488314	13
223820	481713	13
240259	487628	13
249156	515293	13
239999	485531	13
276429	550535	13
224741	479446	13
237020	454530	13
220055	453516	13
270753	582128	13
271033	533071	13
224369	483626	13
218621	466497	13
240057	486067	13
234065	475997	13
238177	488030	13
250614	514106	13
168427	344593	13
282477	565922	13
235918	499467	13
256478	500015	13
223241	426370	13
232204	485071	13
233083	479154	13
240106	487904	13
226697	484382	13
234624	483130	13
239867	481445	13
240346	481990	13
228921	465377	13
292224	619750	13
240223	457858	13
241760	481087	13
243242	478595	13
241520	484160	13
241484	486759	13
250273	488736	13
227561	461748	13
275257	590944	13
238402	490087	13
307861	632534	13
213536	447258	13
213149	414914	13
245275	472688	13
225821	482443	13
178277	365993	13
240368	498306	13
244731	476090	13
214037	454982	13
244037	475717	13
306231	616273	13
246020	510363	13
244168	464461	13
274446	544096	13
253600	493926	13
245715	472789	13
237716	515146	13
234272	487501	13
222118	472752	13
228505	482121	13
242758	483572	13
236620	509882	13
309156	667947	13
247741	490734	13
221936	455629	13
173840	344306	13
240728	487760	13
293285	580711	13
240362	458468	13
245297	504206	13
247697	481987	13
232476	470467	13
244672	482354	13
243771	488252	13
225804	465572	13
193367	396477	13
241756	489056	13
253622	495740	13
237781	488644	13
286616	573528	13
244074	476780	13
242472	467593	13
206404	436029	13
240731	487143	13
240413	472840	13
247016	492867	13
252453	483729	13
229945	485386	13
254840	492472	13
220933	452215	13
238416	486101	13
237027	467702	13
246062	470698	13
172968	338608	13
210638	443278	13
236727	493371	13
275373	539595	13
244918	479232	13
227094	430271	13
275793	538925	13
242728	502241	13
208383	421223	13
234027	478810	13
246528	510149	13
242393	487366	13
244919	480831	13
249229	489610	13
240496	469663	13
239288	490786	13
231409	498512	13
242447	481428	13
247902	492424	13
230460	490065	13
245394	490256	13
237398	501173	13
251476	535774	13
247225	480079	13
239514	488936	13
237683	515048	13
233802	504033	13
234767	493612	13
222173	475087	13
240510	468859	13
243046	501689	13
240865	484471	13
239799	500008	13
237765	502093	13
287750	587096	13
237748	516142	13
244870	487628	13
204912	387755	13
332382	692890	13
247419	498091	13
242560	481172	13
262245	514687	13
241194	488670	13
246055	486257	13
234825	493446	13
235507	486542	13
223943	480965	13
270382	551217	13
228425	491848	13
234026	506628	13
246679	505320	13
256405	505301	13
228227	479617	13
228576	475048	13
231077	490762	13
221027	475980	13
241800	488302	13
225001	479417	13
256476	515130	13
232676	478832	13
242174	513594	13
240872	485381	13
244943	475408	13
238028	480427	13
257462	493419	13
237644	454323	13
500606	765457	14
548910	588258	14
534310	804898	14
475019	785227	14
590703	651000	14
538208	867009	14
512381	744491	14
450756	788825	14
499598	764486	14
418842	767260	14
469414	758386	14
372871	747647	14
555395	889473	14
417203	870175	14
420589	685501	14
454427	813690	14
527256	827685	14
596393	778794	14
445206	822323	14
511085	636933	14
553462	696221	14
502212	790923	14
445043	861659	14
408259	686609	14
518903	790713	14
403976	695664	14
502914	761238	14
499520	763280	14
398397	854604	14
489820	713719	14
405873	681610	14
594910	787020	14
446484	762154	14
465570	740768	14
488060	770924	14
506264	734201	14
471478	717688	14
472302	794280	14
438672	747001	14
614126	804750	14
513716	776539	14
569276	807684	14
446941	775956	14
518228	739590	14
383900	572382	14
616552	872123	14
413664	760409	14
532529	676289	14
463784	778578	14
463086	622779	14
490486	764155	14
468723	708459	14
543610	777866	14
573776	727429	14
520171	775828	14
597070	840270	14
499308	765016	14
549540	695842	14
477467	756275	14
641249	832085	14
522853	719494	14
461121	743426	14
514958	773626	14
470030	725843	14
497107	764984	14
527787	755983	14
478099	838839	14
549793	795811	14
481484	725048	14
493105	762489	14
498442	744175	14
567067	977215	14
493270	951924	14
449212	692825	14
511063	749028	14
518995	762575	14
578302	766328	14
644447	784907	14
437335	795733	14
516250	763763	14
471580	726419	14
446643	903543	14
614109	870782	14
483724	749321	14
601329	653713	14
547496	753429	14
539330	750567	14
482288	769493	14
539591	680290	14
512693	830017	14
552071	756180	14
486820	763077	14
566299	770470	14
515398	745585	14
435703	777298	14
518770	730894	14
516227	699778	14
417631	707258	14
478708	686581	14
538854	810226	14
497052	766492	14
507114	841044	14
499927	766485	14
500557	774894	14
578099	695721	14
509282	741390	14
465545	762936	14
471036	804541	14
444701	837089	14
492203	759246	14
501685	767650	14
497360	823512	14
481773	754544	14
474216	753155	14
501651	755490	14
542395	745212	14
434875	903394	14
414165	758366	14
525633	851129	14
413335	681021	14
509682	764339	14
503054	767757	14
346059	728172	14
517457	747028	14
504959	759648	14
541391	746626	14
495884	755801	14
498755	766449	14
549746	687359	14
505424	796762	14
541801	776702	14
481305	758951	14
460587	749188	14
602905	825552	14
506596	759830	14
495894	738791	14
527725	746274	14
497662	712001	14
558481	771735	14
575138	652186	14
542934	767127	14
492688	818461	14
454291	809533	14
465987	792659	14
482506	704225	14
547463	774620	14
624805	754657	14
519022	770644	14
537055	660604	14
499100	766237	14
492233	847678	14
439101	931362	14
516323	776824	14
456711	711282	14
536118	784824	14
501651	764154	14
516148	911310	14
503056	776242	14
419259	943010	14
524033	701404	14
467216	797735	14
538034	779215	14
372387	788793	14
382776	771153	14
598351	718022	14
458655	809166	14
519851	806402	14
389411	683570	14
565392	736245	14
392455	714674	14
556467	754182	14
466545	662534	14
499136	764030	14
526377	847650	14
530555	712581	14
512705	745807	14
532418	874158	14
417454	848002	14
523131	713260	14
483216	719585	14
384132	742348	14
605428	720288	14
509669	747601	14
445958	700326	14
581994	836375	14
536880	809328	14
494308	777040	14
466528	726871	14
515281	750399	14
489882	830877	14
475637	839038	14
517410	756707	14
475974	737996	14
462461	764297	14
526976	769459	14
492493	770335	14
586031	877045	14
493929	617893	14
443373	725414	14
403583	808057	14
354648	812256	14
465008	803477	14
560900	738724	14
498768	789957	14
543686	743020	14
402600	871699	14
447441	748420	14
494983	754876	14
525910	722560	14
497241	748503	14
505662	775181	14
471510	770192	14
616568	907773	14
423733	830854	14
597166	646024	14
467671	736918	14
499053	764283	14
439907	770033	14
565187	647530	14
498077	769090	14
445239	700319	14
520080	769620	14
427829	714040	14
436778	735713	14
554755	688460	14
518803	812206	14
503385	769501	14
465039	775087	14
593467	802926	14
512585	786934	14
500272	764066	14
497173	822511	14
493973	785178	14
588463	732682	14
498451	762702	14
442188	856749	14
512482	691598	14
498173	702331	14
545342	644386	14
500541	766269	14
501319	754805	14
451004	858620	14
532230	672345	14
447470	770078	14
604409	686612	14
577388	887676	14
496649	759213	14
367442	676162	14
491691	792711	14
522797	721887	14
434083	709641	14
421092	871307	14
563914	866322	14
362358	667344	14
453388	808538	14
507544	786080	14
491028	717084	14
435238	843596	14
457978	757677	14
519971	717752	14
459832	879723	14
560308	610485	14
358966	796039	14
400261	622228	14
588367	856083	14
611811	697510	14
499261	661705	14
524182	714036	14
500775	764406	14
443923	809153	14
476927	754101	14
542497	760619	14
512197	748309	14
410744	740827	14
540941	782805	14
447428	790435	14
554841	729802	14
620236	721580	14
536533	790238	14
538817	745082	14
536238	775131	14
480654	856029	14
390893	796024	14
552880	729982	14
596047	813319	14
587497	716133	14
560406	796499	14
569080	855149	14
491826	775513	14
495619	785025	14
400942	681138	14
465151	724232	14
533581	851181	14
523196	759993	14
481962	739531	14
502536	782101	14
487372	772675	14
492593	776558	14
506351	781540	14
583223	870314	14
497488	767100	14
467759	718710	14
491754	723507	14
511505	753018	14
455758	823729	14
572145	804165	14
545674	762117	14
401677	709161	14
447732	678774	14
518003	719697	14
477918	672308	14
559424	779117	14
492220	752122	14
449560	699139	14
466071	762789	14
495415	656738	14
557728	870253	14
472083	836325	14
527766	773126	14
500891	774384	14
497215	771904	14
380073	765902	14
505952	879290	14
532683	771648	14
502414	730009	14
409903	909664	14
589861	890119	14
517430	714661	14
546069	700561	14
630703	708406	14
368268	709922	14
508076	773661	14
537534	704414	14
510039	821636	14
534252	867144	14
441392	825550	14
519084	793150	14
515562	806367	14
504042	767994	14
409021	673105	14
476912	731196	14
386085	850590	14
444959	687597	14
490294	769615	14
433445	731264	14
540118	671072	14
507453	777031	14
569266	738385	14
444587	878830	14
434041	814466	14
