13781
13998
15259
16688
15930
16013
16987
16287
15063
15740
15630
13252
13857
13454
15289
13874
15532
14559
15179
15148
14467
14445
13116
12132
12261
11572
13150
13381
13847
14388
16301
15371
13671
13879
12549
12316
12002
11313
12915
12386
13069
13487
14383
12512
12434
12007
11495
11628
11237
10704
12147
12856
14012
14671
14865
13654
12629
14044
13224
12850
12732
12495
13627
13872
15068
15529
15853
15355
14711
14974
13735
13750
13688
13431
15648
15792
16152
16597
17126
15742
14274
16221
15147
13582
