12565
12683
13810
14506
13390
13647
15256
15113
12990
13926
12522
12488
12768
12256
14083
12142
13989
13291
13980
14668
12713
13503
12683
11737
12726
11516
12860
12105
13168
13416
15177
14798
12256
12914
12110
11608
11076
10524
12787
12725
13127
13216
14155
13175
13211
12861
12095
11846
11560
11558
13375
13201
14223
14312
14796
14096
13594
13850
13330
13157
12889
12376
13602
13805
14972
14274
15649
15268
14769
15296
14087
13761
13306
12963
15154
14861
15716
15718
17216
16145
15106
16479
15179
14112
