29267
28319
32842
32551
30476
29774
31621
30901
28342
29963
27781
23911
24548
24223
28091
24920
27114
25245
27504
27186
24827
27169
25261
23227
25382
23393
25770
25925
26831
27802
30023
29615
25448
27538
25192
24466
23738
22509
26288
26111
27647
28175
30534
27772
27821
28761
27387
24627
25221
25403
28245
29882
29851
30097
30356
30386
28498
30925
28140
27206
27007
26422
28516
28258
30722
30111
31255
30850
31064
34709
31122
32079
31670
30784
35094
34878
35890
36397
37480
35658
32768
35990
34052
31233
