13249
13138
14753
15363
14985
14232
15891
15770
13690
14277
12458
12255
12486
12294
13996
12160
13562
12922
14057
14404
12678
12593
12702
12085
12646
10976
12022
11395
12972
13224
14968
15292
13779
13507
12641
12113
12025
11248
13105
13638
14117
14521
15321
14336
13702
13497
12623
11846
11881
11278
13011
13234
13550
13645
14497
14287
12715
13845
13092
13250
12430
12581
13354
13502
14547
14655
15920
16017
15318
15019
13864
14580
14427
13603
15917
16010
17534
19391
21115
19162
16852
20043
18574
15962
