16041
15711
16594
20424
18052
18568
19081
19263
16250
16979
14870
13301
13294
12696
16689
15258
16865
15570
17229
17364
15208
15552
14119
13079
13774
12594
13260
14122
15492
16120
18557
17327
14719
15132
13943
12943
12777
11934
14283
14272
15295
15313
16494
14701
15098
14499
13648
11897
12240
12100
13966
14448
14782
15029
15389
15573
14926
15534
13374
13120
13409
13178
14961
14451
16088
15647
16173
16013
15463
15865
14014
13958
14029
13453
15947
16609
17337
16403
17381
17087
16061
17099
16380
15375
