12188
12404
14533
15217
13457
13068
13854
14136
11627
14057
12336
11156
11901
11426
13858
12114
13048
12144
13143
13854
12569
14466
12814
10802
12370
11456
12462
12514
12536
12391
14252
13477
12014
13614
12491
11829
11548
10873
13073
12925
12856
12265
13555
12649
13948
14692
13253
11781
11186
11271
12585
13497
13272
13324
13656
13355
12919
14823
12241
11792
11134
11244
12561
13134
13781
13420
14019
14452
14027
15911
13312
12856
12444
12573
14623
14499
15015
14942
15385
14488
14015
15782
14442
12848
