13282
13290
15283
15490
14990
14422
15810
14667
13694
15151
14094
11497
11911
12379
15070
12414
13420
12940
14121
14688
13535
13828
12835
11072
12495
11867
12659
12055
12019
12578
14292
13899
12204
12696
11974
10525
11028
11117
12895
12446
13404
13444
13650
13012
13326
13646
12462
10904
10775
11002
12851
13585
13356
13216
13795
13936
12602
14700
13324
12650
12683
13521
14794
14445
15845
14774
16552
15918
16315
16435
14392
14956
15104
14526
17680
16938
17994
17423
18580
19729
18098
19585
17647
16289
