15676
15982
17915
18124
17088
17102
18179
17729
17607
18733
17150
15163
15886
16084
18035
13788
15717
14968
15957
15751
15216
15893
15305
13501
15860
13326
14640
14541
14996
14703
16682
16706
14565
14859
14010
12902
13167
12755
15011
15223
15722
15368
16990
15460
15364
15708
14994
13401
14037
13459
14715
15387
15555
15500
16848
16346
15422
16438
15396
14672
14729
14275
15374
15202
15995
15571
17153
16328
17052
17891
16437
16437
16727
16732
18348
17958
18148
18013
17797
18672
17144
18089
16954
15234
