11303
13694
15670
16211
16128
17378
18606
18106
14335
14867
13366
12490
13245
11739
14194
12243
13743
13273
14325
14815
13257
13034
12308
10625
11264
10530
11670
11561
11163
11453
13770
13377
11345
11608
11454
10012
10355
9133
10888
11679
11554
12720
13178
12745
13061
12501
11360
10079
10248
9689
11461
11135
11990
12744
12980
12910
11456
11896
10924
10829
10251
10147
10995
11193
12422
12321
13298
12739
12436
12492
11085
11164
10911
10532
13030
12959
13114
14047
14266
13982
12624
12983
11549
11104
