14545
17727
18338
19564
18320
17704
19020
17970
15845
16900
15107
14037
15355
13986
16094
14179
14191
14437
14990
15346
12964
14670
12457
11777
12970
12228
12632
12946
13897
14349
15728
15570
13642
14024
12864
12304
12260
11522
13180
12922
13560
13857
14799
13619
13611
13741
12907
11909
11935
11808
13621
13522
14431
14695
15881
14443
13316
13773
13546
12872
12807
12609
13568
13658
14944
14588
15640
15789
15409
15695
14473
13686
13698
13638
15876
15680
16537
16873
15719
16664
15240
16955
15040
13648
