24287
22815
25906
27347
26258
26581
27937
27932
23216
23590
22641
19953
21321
20596
23542
20987
22627
21381
22756
23179
21077
22655
21738
19217
21617
19327
20112
20814
21480
21887
24258
23232
20766
21394
20563
18477
18490
17530
21189
20525
20522
19997
21117
19145
18843
19760
19752
18349
19006
18236
21442
21930
23083
23149
23674
23585
22207
24248
23213
22187
22124
22390
24559
24200
25702
25061
27176
26529
26743
28100
26211
24886
24767
23689
26438
25487
27003
26565
28537
27324
26479
29931
28062
25724
