25515
25558
28958
31273
30000
29037
29893
28573
24013
24289
22605
20732
20904
20824
22930
20534
22101
20518
22703
22859
20829
21354
20342
19100
20461
18505
19807
20479
21299
21336
24096
22931
20325
20648
19703
18980
18631
17639
20711
20163
20657
21776
22892
21279
21437
21095
20232
18447
19095
17813
19714
19820
20521
21418
21754
20561
20248
21384
20443
19782
19871
19403
20892
20316
22169
21814
23221
22710
22379
23893
21890
21302
21416
20407
23564
23114
25241
24544
25484
24971
23208
25879
24989
22080
