512190
511968
575309
604096
585142
576342
613053
597492
527119
558550
511708
462825
475599
462054
537146
472462
519072
494673
527330
537481
482678
499684
464866
424445
455056
413881
443454
452682
469004
481235
539398
513920
451599
469366
441144
412368
408858
389450
454179
447824
468045
480889
512336
469214
472356
473497
445308
411736
409899
397071
455929
461801
477114
488651
508157
490892
457859
490975
455444
441157
434179
428701
466327
463822
507374
499024
534353
527054
514025
532218
483736
479075
473338
460815
539209
525933
557701
556037
582176
564650
525496
571785
528787
486117
