100
69 21 38 81 28 77 58 4 91 5 48 35 69 63 26 6 11 40 36 47 62 51 66 29 7 31 42 6 83 78 86 1 13 64 41 16 58 61 52 99 44 10 10 54 35 69 47 28 28 70 85 58 50 33 26 20 7 50 2 49 83 96 48 84 38 81 32 99 95 97 4 87 74 73 94 34 57 94 26 74 39 3 67 62 63 26 92 24 82 51 77 62  39 7 5 48 30 59 83
0 56 48 46 6 75 
73 100 57 37 98 77 
39 36 11 24 62 11 
64 58 19 53 33 57 
66 68 86 42 42 42 
68 65 28 6 69 76 
58 48 73 89 89 70 
65 28 52 30 85 61 
66 80 3 2 65 29 
16 9 96 47 40 33 
53 34 79 55 8 76 
67 77 80 19 57 89 
38 55 41 85 49 85 
5 44 81 33 60 63 
75 78 94 46 81 86 
69 27 92 99 92 61 
53 70 15 34 56 0 
94 98 75 27 51 58 
26 10 25 63 85 68 
64 73 38 61 89 85 
24 4 61 99 54 74 
17 23 78 40 64 87 
44 1 57 46 88 52 
60 40 77 39 5 72 
52 51 54 98 97 86 
79 82 69 43 60 97 
33 95 24 37 16 68 
22 25 45 7 58 69 
65 33 81 61 13 81 
52 67 40 31 78 4 
58 3 53 49 5 46 
86 86 2 84 41 20 
96 46 94 77 67 50 
22 18 48 94 0 87 
64 16 75 11 16 61 
51 93 69 44 82 99 
46 53 13 15 15 33 
70 18 7 31 98 17 
95 33 35 19 1 8 
95 40 60 50 36 7 
94 62 72 65 46 46 
23 61 23 55 46 93 
77 78 51 99 2 91 
43 86 58 75 86 71 
4 10 46 25 55 53 
93 97 38 20 27 18 
67 63 11 41 12 70 
68 42 78 82 26 19 
77 53 74 22 100 39 
15 50 73 55 64 47 
46 98 87 0 10 77 
91 37 46 34 57 24 
59 57 31 97 63 42 
48 72 87 93 90 14 
14 83 58 50 10 31 
2 43 94 6 89 23 
3 63 75 42 82 37 
54 65 69 75 63 46 
1 52 97 7 95 40 
35 78 67 82 7 8 
94 39 27 98 28 58 
9 79 36 31 84 85 
88 96 52 32 68 49 
81 65 18 12 78 76 
16 38 48 65 59 84 
82 41 85 38 65 20 
2 44 59 51 6 75 
64 10 0 34 91 55 
1 72 14 37 26 46 
93 62 88 82 71 98 
19 84 87 16 89 88 
58 90 3 36 85 87 
76 22 29 19 84 42 
32 22 81 19 27 37 
55 18 9 74 13 31 
12 11 86 55 71 21 
20 23 9 83 60 20 
22 63 89 59 11 16 
32 28 31 15 78 83 
6 30 38 19 81 86 
92 75 51 18 36 9 
57 41 92 3 74 63 
84 34 76 57 44 61 
25 27 75 27 16 77 
34 0 58 81 48 62 
4 90 56 40 5 7 
77 61 40 96 39 69 
37 45 98 53 96 43 
25 77 59 96 59 34 
85 45 40 72 35 12 
28 88 30 40 17 38 
93 60 50 60 31 48 
63 57 67 86 30 29 
82 26 70 19 78 47 
64 52 15 2 59 20 
46 54 100 13 85 1 
62 41 49 81 39 42 
97 56 41 25 13 75 
76 39 61 7 48 31 
41 49 73 69 96 92 
73 51 75 91 91 58 
0 18 86 82 63 76 
56 61 16 99 15 29 
92 65 62 30 18 29 
61 71 79 39 50 2 
17 37 1 61 86 49 
36 50 50 89 34 44 
16 56 32 5 100 72 
70 100 37 34 71 81 
4 16 3 46 86 11 
25 33 53 45 63 58 
63 41 5 58 81 78 
71 43 11 20 52 27 
39 58 66 37 84 38 
18 62 55 24 31 55 
6 66 24 43 89 17 
99 62 9 81 100 58 
11 37 55 81 18 0 
22 60 62 25 53 98 
69 36 26 94 89 67 
6 24 22 51 48 42 
85 11 75 20 69 61 
5 80 67 31 39 12 
72 88 31 57 43 5 
85 39 33 53 59 33 
81 46 45 56 60 33 
3 51 78 68 13 77 
30 41 22 50 4 1 
57 57 25 62 74 7 
43 28 15 4 66 9 
54 31 16 74 79 35 
32 27 23 79 91 23 
66 69 64 33 26 19 
87 73 57 26 16 46 
1 48 86 22 0 76 
55 61 90 87 30 58 
36 41 41 56 21 9 
34 68 67 57 75 91 
62 45 72 54 35 6 
47 68 48 64 13 75 
29 65 74 94 41 6 
3 51 7 5 8 10 
94 22 47 82 73 69 
97 14 50 100 40 67 
100 48 75 62 83 81 
18 100 87 41 90 62 
72 62 63 58 54 98 
71 59 17 86 36 75 
75 56 34 99 88 19 
49 3 46 58 23 85 
37 10 61 34 72 62 
82 60 76 0 17 19 
77 65 95 67 89 24 
20 82 8 89 23 58 
6 55 61 89 23 36 
91 4 26 65 59 29 
25 6 39 45 73 2 
17 16 95 44 38 52 
68 61 9 93 94 24 
95 68 98 70 85 20 
93 26 74 46 24 55 
26 53 55 92 75 68 
13 96 32 8 35 84 
37 54 30 76 48 16 
35 16 85 60 43 1 
30 62 89 78 9 64 
86 31 41 11 98 25 
51 57 14 4 63 62 
55 17 0 83 51 88 
30 45 75 94 27 18 
5 45 75 91 92 29 
71 7 88 43 12 45 
66 21 96 12 96 17 
83 82 80 37 22 14 
41 43 83 76 67 23 
1 28 97 49 67 74 
57 27 72 45 36 53 
48 16 4 69 99 25 
58 54 79 91 9 34 
99 13 96 44 26 25 
23 20 58 4 22 72 
27 12 39 5 33 41 
29 34 40 81 76 68 
45 47 77 63 93 24 
37 90 76 25 61 19 
83 0 11 8 71 100 
48 35 53 2 18 24 
3 20 14 72 18 49 
14 70 100 48 27 7 
64 49 6 38 6 71 
66 97 7 61 75 4 
28 7 46 28 92 63 
84 55 6 97 34 51 
4 22 80 35 76 33 
35 64 70 82 80 52 
12 28 78 20 51 4 
44 1 63 17 78 83 
22 40 42 40 74 2 
100 12 30 42 99 93 
93 29 96 89 55 10 
39 85 69 59 26 56 
56 53 90 77 51 11 
0 32 98 70 3 39 
85 44 77 81 90 40 
48 38 59 43 34 10 
18 94 93 50 94 10 
89 19 2 38 6 66 
81 18 65 20 33 40 
56 98 23 46 38 21 
99 66 23 44 94 55 
5 81 62 96 33 43 
23 56 100 63 57 40 
44 23 23 59 38 70 
45 27 58 27 52 17 
4 73 90 96 78 33 
15 53 73 17 80 62 
98 61 7 73 36 68 
44 57 46 40 61 98 
87 65 88 8 32 0 
72 24 88 79 33 66 
82 69 78 82 61 85 
87 16 71 13 54 17 
57 32 56 66 32 30 
19 53 14 17 70 7 
39 66 64 69 56 81 
71 16 10 40 95 27 
38 12 32 82 66 85 
23 3 32 24 12 26 
36 74 81 97 40 35 
44 8 96 36 91 34 
59 19 66 18 42 60 
58 46 71 56 92 60 
7 83 7 55 78 68 
8 17 11 64 82 31 
93 5 16 69 30 95 
30 71 98 72 0 8 
71 57 28 68 35 21 
9 41 80 28 29 29 
10 36 36 100 12 93 
57 87 10 72 8 47 
54 62 70 94 5 15 
64 9 6 5 96 44 
85 15 80 18 95 11 
35 32 22 8 57 88 
80 89 44 49 15 90 
6 26 41 3 12 15 
26 17 17 87 57 42 
24 47 98 46 12 60 
70 34 5 68 67 18 
90 94 40 93 67 53 
24 73 99 97 62 7 
99 36 58 67 45 100 
70 24 8 0 58 72 
57 65 83 4 23 7 
67 2 45 72 1 45 
6 90 36 44 18 80 
94 52 65 73 6 11 
66 93 68 11 56 29 
73 54 84 72 18 97 
12 72 12 72 39 81 
12 49 8 22 5 51 
33 78 54 76 11 15 
46 42 39 43 36 7 
14 44 41 80 32 39 
79 77 63 48 91 37 
14 13 60 50 70 26 
60 16 14 38 62 38 
46 63 88 77 15 26 
36 89 75 48 3 88 
71 58 0 30 80 11 
97 39 76 81 85 13 
7 14 97 90 4 70 
41 97 95 30 4 80 
15 5 53 14 2 1 
17 3 96 38 28 3 
96 7 59 87 86 91 
47 64 96 2 21 95 
90 87 38 99 62 39 
46 5 35 69 71 36 
20 83 48 81 62 6 
100 47 14 11 73 37 
56 85 39 54 16 98 
86 77 11 94 75 10 
51 90 11 61 53 42 
82 61 29 94 41 24 
94 35 39 79 57 72 
30 0 13 35 34 86 
18 88 75 71 4 91 
90 41 91 37 87 7 
44 83 78 6 57 40 
71 89 94 6 49 24 
81 52 90 52 80 89 
60 56 32 28 2 89 
5 73 67 86 22 41 
22 52 14 67 53 13 
80 79 24 39 83 95 
95 32 70 41 71 67 
54 31 69 3 36 12 
92 35 6 17 90 8 
99 26 91 73 59 77 
64 89 13 48 71 40 
92 89 41 20 27 53 
85 33 28 57 80 13 
0 94 92 73 25 95 
81 23 9 52 96 38 
94 41 50 78 73 27 
72 36 89 96 79 94 
58 64 94 11 56 21 
71 88 46 20 49 84 
28 67 19 22 55 29 
13 69 22 10 87 30 
72 10 29 23 11 26 
63 94 79 5 55 33 
91 1 17 46 59 61 
10 46 35 79 32 18 
90 46 6 29 34 45 
34 20 35 1 58 85 
15 72 98 96 65 67 
56 82 18 2 44 66 
68 65 11 35 94 0 
63 71 20 52 99 62 
10 37 21 24 87 79 
55 11 42 57 26 77 
90 31 69 88 17 32 
15 68 36 73 23 95 
14 96 85 40 61 2 
73 91 27 93 46 27 
100 61 1 97 72 57 
68 77 33 84 51 39 
85 26 6 22 29 82 
54 34 7 97 27 74 
73 67 41 7 52 18 
6 68 81 14 42 50 
70 19 19 24 15 87 
19 39 62 6 21 8 
5 18 77 82 35 83 
97 34 92 63 0 29 
33 3 54 70 16 92 
76 66 10 14 16 1 
52 60 17 43 2 91 
94 34 70 57 63 98 
60 76 63 37 52 8 
9 25 16 33 21 91 
96 80 38 1 37 87 
82 9 98 66 78 9 
34 48 92 50 76 57 
91 41 100 31 93 19 
19 99 6 93 79 56 
22 52 91 40 81 43 
90 40 44 96 56 65 
53 4 33 93 84 69 
30 24 9 89 45 24 
81 69 21 4 39 86 
73 71 29 0 12 24 
70 74 26 64 53 18 
73 76 66 87 49 89 
2 8 94 91 63 99 
53 61 48 10 79 43 
43 65 26 50 42 43 
60 7 89 97 25 18 
67 49 90 66 26 83 
35 23 86 45 70 1 
91 88 71 97 48 73 
18 75 52 47 12 32 
10 34 72 100 58 39 
72 31 13 9 32 95 
27 53 13 67 33 61 
70 90 87 37 18 22 
34 23 75 3 90 78 
9 23 76 18 25 20 
33 12 0 90 66 39 
24 70 45 91 15 6 
61 94 34 59 71 45 
75 44 18 8 67 27 
21 15 90 26 1 98 
70 3 31 7 42 67 
75 15 87 93 88 88 
37 72 51 9 39 91 
17 26 84 67 21 36 
94 30 61 56 55 72 
77 98 21 73 46 97 
36 6 23 21 35 36 
34 97 59 30 69 78 
28 56 57 99 18 14 
16 45 29 51 68 58 
91 20 40 82 41 7 
81 88 95 52 3 24 
90 0 62 18 35 33 
18 35 86 86 72 61 
59 53 35 48 96 38 
23 26 12 28 6 92 
36 62 95 10 51 98 
86 24 64 50 82 40 
77 32 30 93 75 98 
66 52 4 3 21 78 
68 87 84 94 6 91 
70 68 82 13 81 81 
51 29 20 79 28 51 
47 75 30 88 25 7 
11 53 51 12 68 93 
66 54 7 14 89 98 
61 48 67 6 92 14 
48 61 80 67 85 75 
81 99 54 70 66 62 
0 26 24 32 89 51 
61 22 85 5 3 83 
22 97 22 71 10 37 
84 27 24 26 61 86 
58 17 84 67 25 32 
84 97 28 89 33 3 
100 39 47 40 36 50 
57 73 2 49 6 95 
64 49 91 86 16 83 
97 9 36 67 39 38 
68 10 68 11 45 96 
60 20 61 62 30 9 
4 90 100 10 68 74 
31 83 88 53 71 42 
57 55 29 72 38 85 
28 2 13 71 23 62 
70 74 39 18 26 0 
50 34 62 78 45 15 
60 56 58 80 43 35 
49 85 97 41 24 84 
26 1 19 80 70 41 
95 30 49 51 83 55 
14 70 51 52 82 48 
44 42 61 6 68 77 
15 72 58 25 94 14 
18 49 77 32 56 19 
38 49 12 50 100 59 
2 26 86 53 72 95 
16 3 86 82 73 29 
46 28 86 17 98 58 
58 96 79 85 75 61 
71 18 59 87 29 45 
7 4 9 10 16 26 
24 35 24 50 0 91 
100 59 89 73 18 59 
99 2 37 99 41 47 
48 4 27 41 100 23 
27 16 80 63 54 72 
16 30 35 84 40 77 
87 8 70 81 27 88 
35 41 21 38 23 24 
18 91 61 48 61 89 
11 45 32 13 95 62 
17 20 28 69 47 93 
75 31 2 61 5 91 
34 2 70 43 3 85 
42 23 17 50 90 43 
39 11 91 89 7 49 
43 16 29 72 14 91 
52 37 92 64 70 33 
32 34 91 0 71 41 
71 73 38 7 50 18 
1 98 58 92 63 88 
69 87 55 32 13 7 
91 63 20 7 1 85 
53 85 49 26 26 1 
30 95 66 4 46 27 
89 65 51 48 73 82 
71 46 91 61 83 79 
73 43 70 10 85 59 
25 98 73 21 20 38 
72 1 23 66 18 7 
77 38 70 22 42 78 
95 10 3 25 50 75 
62 23 88 14 34 71 
10 1 97 90 96 21 
76 53 45 18 89 62 
100 71 0 15 97 90 
18 27 26 61 89 70 
8 13 26 13 95 35 
91 16 98 32 1 52 
10 17 64 44 68 86 
10 44 55 81 45 17 
79 68 47 64 1 55 
76 49 51 68 91 44 
25 9 38 85 86 12 
23 37 58 34 24 61 
48 80 56 81 77 7 
46 54 64 14 22 33 
28 44 42 40 33 31 
36 77 2 20 45 36 
43 70 10 13 36 45 
90 41 38 24 66 18 
91 35 51 78 59 41 
15 0 89 19 71 20 
85 8 91 39 93 14 
99 45 98 90 82 93 
76 11 89 53 92 45 
89 30 97 95 54 83 
8 10 51 97 51 57 
69 95 61 73 71 56 
6 59 7 6 45 46 
66 63 76 4 8 6 
79 15 57 30 31 82 
88 74 80 90 95 81 
48 7 78 69 82 29 
68 64 35 2 85 59 
17 69 72 91 12 100 
18 54 36 6 4 91 
94 87 10 73 15 86 
61 45 89 71 97 89 
0 23 89 90 46 16 
19 93 61 79 8 37 
22 57 88 84 91 35 
83 40 25 38 35 19 
92 72 57 22 89 68 
64 21 86 92 61 16 
72 65 57 79 16 75 
87 32 20 20 93 85 
95 60 61 72 9 11 
60 19 56 77 86 78 
91 41 48 61 79 8 
93 15 10 28 65 87 
19 43 87 96 37 61 
54 4 45 48 94 17 
100 90 70 37 41 79 
14 76 6 86 22 15 
73 73 90 19 23 0 
36 50 11 90 61 95 
23 18 65 69 71 52 
33 40 92 48 90 81 
44 90 24 77 75 34 
36 94 61 84 5 75 
100 14 22 62 69 48 
83 17 28 6 91 32 
85 17 68 12 100 24 
15 17 40 74 24 41 
75 19 90 20 11 17 
9 46 57 65 25 83 
36 53 28 44 1 94 
76 59 1 5 35 26 
66 27 93 57 12 36 
41 87 50 55 16 66 
61 72 85 60 18 38 
18 71 89 36 0 5 
49 6 71 7 80 26 
44 27 16 33 49 67 
47 51 80 36 51 96 
2 20 50 26 89 20 
37 67 57 4 86 78 
98 75 4 97 38 97 
28 2 10 72 41 65 
69 30 1 3 38 8 
48 17 23 83 4 28 
68 45 15 87 4 64 
57 84 56 40 49 15 
6 1 8 6 22 34 
61 80 6 65 21 7 
50 32 93 44 97 7 
78 11 1 87 94 61 
5 56 59 7 27 20 
90 50 5 0 63 89 
100 46 71 60 35 38 
60 32 19 46 67 83 
32 85 56 79 10 58 
3 90 8 48 49 58 
90 64 88 42 17 44 
38 59 31 11 71 44 
5 67 36 49 48 52 
69 2 61 22 12 61 
8 82 31 57 2 50 
74 84 87 51 37 19 
94 43 90 32 69 57 
95 89 29 85 86 67 
47 59 96 64 94 56 
57 18 95 44 73 42 
52 49 34 59 3 58 
99 50 26 85 46 11 
49 63 0 64 72 37 
76 16 41 44 2 48 
15 29 3 55 21 32 
23 45 86 70 47 43 
67 93 88 62 99 31 
8 30 40 80 77 51 
27 81 3 94 19 67 
62 86 48 17 20 91 
46 95 11 79 78 25 
54 36 45 54 64 38 
84 84 42 32 35 1 
10 55 76 46 40 23 
19 45 49 31 68 29 
12 49 10 66 87 80 
30 83 27 57 60 89 
59 53 83 80 2 18 
61 8 16 90 6 89 
64 0 94 100 71 25 
32 20 44 38 90 89 
84 7 35 14 13 76 
87 84 73 47 100 42 
50 44 4 91 51 67 
1 85 97 46 15 74 
20 53 83 53 12 90 
99 84 25 99 96 34 
68 12 67 20 93 99 
21 74 33 23 79 35 
61 62 83 93 47 5 
58 88 60 3 84 40 
36 39 48 25 96 6 
89 32 10 94 4 78 
72 26 17 2 71 35 
22 43 37 1 89 91 
19 61 71 100 72 94 
0 53 67 89 81 47 
52 75 39 57 24 67 
25 9 37 59 73 90 
90 2 76 71 1 47 
25 51 80 96 3 97 
26 18 23 92 30 14 
73 71 35 91 90 65 
19 32 98 27 38 18 
54 53 35 82 20 80 
10 71 8 83 78 77 
34 31 14 15 48 52 
50 63 42 72 50 12 
64 6 17 38 19 30 
72 52 80 6 36 77 
43 8 45 48 97 35 
99 98 70 39 93 95 
7 46 37 100 53 0 
99 39 95 27 52 73 
57 62 55 49 59 40 
95 74 87 22 58 72 
81 16 34 54 23 34 
43 61 62 21 61 46 
25 89 41 22 81 56 
99 45 5 40 60 55 
23 5 49 46 68 96 
100 88 39 79 80 70 
93 8 8 93 52 42 
47 73 73 60 36 75 
32 35 50 72 13 39 
83 6 2 19 8 65 
15 57 89 90 2 94 
75 96 22 49 41 58 
8 93 61 23 80 71 
76 71 67 99 0 61 
38 69 92 91 28 55 
48 2 22 38 51 70 
41 54 11 98 13 2 
62 3 47 78 76 11 
15 90 7 50 52 16 
17 56 8 10 21 10 
66 21 18 4 53 30 
28 47 57 63 9 32 
90 97 76 52 90 9 
92 1 23 87 55 44 
89 40 7 42 22 12 
89 88 75 45 82 71 
38 53 47 73 5 40 
96 31 91 91 44 38 
71 85 47 92 13 14 
79 18 26 60 16 25 
89 39 61 0 57 49 
53 81 90 100 3 10 
89 58 60 2 22 89 
97 83 59 88 51 55 
92 25 36 49 78 12 
10 21 45 4 10 6 
64 90 28 40 22 86 
54 47 13 84 52 22 
70 76 93 91 52 2 
21 91 33 39 69 42 
74 87 95 63 89 77 
94 82 81 28 34 31 
29 73 80 66 6 14 
54 6 53 71 79 69 
94 63 18 23 10 97 
48 63 26 99 8 65 
44 35 41 32 81 95 
38 57 0 45 59 67 
92 73 40 63 72 92 
24 13 61 53 78 44 
24 79 61 71 72 34 
34 75 94 71 99 24 
64 42 92 82 54 29 
76 42 44 84 60 49 
50 31 79 38 76 19 
79 59 2 83 24 9 
7 4 77 39 55 12 
74 71 70 39 62 37 
19 88 44 57 65 2 
37 97 66 17 62 11 
14 89 94 88 34 99 
8 26 37 41 4 88 
13 45 37 69 27 38 
44 20 47 27 69 49 
45 0 30 39 45 79 
57 53 89 74 85 92 
69 48 81 19 25 11 
100 18 85 90 84 60 
55 6 64 55 79 13 
98 10 43 3 42 21 
23 66 66 20 44 24 
26 90 47 96 8 83 
47 36 27 53 51 2 
34 36 53 85 94 77 
65 5 72 54 27 30 
16 43 74 17 22 7 
81 70 70 66 2 94 
58 17 70 53 67 12 
84 24 27 69 95 98 
22 71 16 60 2 44 
52 52 92 53 59 30 
0 50 69 83 64 96 
34 84 41 63 94 11 
79 93 74 61 65 34 
1 6 94 36 38 34 
26 94 33 48 82 25 
89 34 59 58 48 4 
20 30 100 27 48 60 
87 59 24 99 28 67 
6 27 40 87 75 98 
65 83 35 91 28 72 
65 65 37 40 56 5 
94 16 14 61 18 7 
94 93 1 6 64 32 
57 61 27 28 27 84 
41 87 35 90 57 52 
33 32 48 38 75 73 
91 81 67 39 50 0 
93 59 19 89 82 3 
85 32 66 87 72 53 
61 24 89 70 40 6 
100 34 13 8 94 85 
65 95 90 42 85 19 
75 75 62 33 12 72 
52 7 36 59 10 96 
61 80 95 14 6 9 
20 87 95 80 76 29 
10 24 52 52 46 69 
55 17 32 85 41 95 
41 75 65 39 5 68 
17 49 94 15 63 48 
21 6 24 26 100 55 
91 82 88 33 49 19 
15 90 39 57 28 90 
92 45 69 93 0 98 
9 56 90 90 75 36 
42 94 69 75 10 7 
35 92 85 38 26 74 
39 5 20 40 49 66 
69 47 28 88 63 29 
20 34 44 31 74 93 
63 8 45 13 4 67 
49 79 60 26 17 80 
8 45 64 14 48 27 
30 51 46 75 18 38 
5 39 6 44 43 4 
20 66 15 11 3 24 
11 68 98 10 15 92 
26 1 23 32 16 93 
84 40 67 46 29 89 
57 62 55 100 73 79 
83 59 98 0 24 90 
55 37 77 40 25 27 
11 39 47 24 33 27 
85 75 97 17 5 95 
43 20 41 11 21 39 
9 54 100 69 90 2 
27 73 80 98 38 46 
15 73 90 52 1 89 
17 50 23 21 71 75 
78 14 57 5 85 54 
23 63 9 93 100 33 
3 38 83 28 33 64 
64 56 96 81 56 36 
60 79 90 36 61 19 
27 13 98 76 91 92 
47 67 3 84 24 55 
48 3 40 57 64 19 
9 24 0 18 16 20 
89 27 31 2 37 22 
94 11 71 15 6 30 
41 18 35 12 82 23 
27 84 41 45 23 99 
26 59 22 64 31 20 
6 100 76 97 50 34 
6 4 32 87 9 66 
84 80 82 3 76 92 
12 64 61 98 61 46 
74 60 72 53 51 52 
76 7 40 69 9 29 
38 52 21 73 76 43 
26 62 86 80 16 7 
32 11 35 48 51 83 
55 7 67 49 2 10 
63 53 96 89 56 90 
18 0 87 4 99 4 
58 72 83 21 69 48 
15 57 45 4 19 87 
32 67 90 81 39 26 
88 72 4 27 50 22 
59 2 96 10 64 52 
47 37 100 40 31 70 
48 1 98 24 92 35 
6 100 46 84 20 81 
66 97 23 1 13 50 
70 59 7 68 67 46 
56 56 6 73 28 90 
71 23 63 43 1 95 
58 70 80 91 1 89 
83 90 80 32 21 35 
25 59 22 89 72 89 
34 82 90 55 16 87 
0 38 58 76 7 84 
18 45 13 40 76 58 
81 100 18 29 65 16 
15 26 49 1 25 42 
1 3 56 99 73 7 
78 51 19 46 73 16 
79 87 9 90 99 75 
5 98 30 84 96 10 
93 75 64 96 80 86 
55 52 31 60 100 33 
5 61 23 28 98 81 
5 54 3 52 88 95 
37 65 98 10 17 41 
63 63 52 53 40 81 
36 85 32 14 9 40 
38 58 92 74 84 3 
90 37 20 4 38 0 
32 15 32 30 53 32 
87 33 77 77 48 62 
91 78 21 22 31 27 
67 30 85 16 41 83 
47 50 93 80 11 39 
17 41 28 25 41 70 
27 29 11 12 19 67 
6 49 80 46 8 80 
40 60 3 79 46 97 
12 31 37 81 8 9 
1 92 23 71 96 84 
96 80 46 14 52 26 
70 51 84 95 54 20 
10 92 25 44 51 56 
23 13 37 95 51 60 
24 85 41 85 75 77 
89 99 58 32 0 66 
32 62 12 94 57 55 
83 23 48 94 70 63 
33 84 14 83 88 57 
40 68 15 39 31 71 
35 53 59 5 48 17 
93 92 84 6 6 35 
32 12 11 12 44 100 
23 48 15 76 10 96 
2 82 93 7 11 48 
34 46 10 93 28 63 
46 16 44 72 7 89 
20 96 8 50 3 98 
67 30 72 7 17 45 
38 90 96 79 45 76 
59 74 70 2 13 92 
63 32 36 40 27 4 
76 15 66 0 34 60 
10 57 89 12 73 73 
62 60 22 37 55 9 
77 37 98 75 43 94 
92 9 11 92 23 73 
53 80 4 18 88 31 
79 38 80 39 57 46 
43 50 94 36 38 91 
3 94 11 6 65 69 
77 95 86 63 71 45 
94 94 97 84 38 10 
85 18 59 60 49 85 
9 42 31 86 25 49 
16 1 64 89 35 24 
2 10 86 87 73 87 
41 22 61 69 94 66 
42 25 31 58 7 32 
32 34 0 5 14 61 
59 96 72 5 8 61 
39 12 24 86 57 71 
44 17 77 87 30 10 
85 36 49 17 1 7 
13 66 88 42 12 59 
51 97 78 72 63 65 
12 53 11 46 7 21 
75 29 29 43 78 40 
55 57 81 56 22 24 
49 55 21 40 15 97 
87 56 84 40 25 43 
7 24 32 51 30 85 
44 30 19 77 20 58 
70 84 90 22 54 89 
53 48 11 87 94 27 
2 72 84 30 62 60 
5 0 3 63 46 65 
11 15 7 98 29 40 
60 25 9 87 41 61 
76 38 98 83 60 20 
76 6 66 20 84 1 
14 41 88 77 86 55 
1 47 17 7 24 17 
56 93 100 84 44 86 
16 60 51 35 71 67 
4 60 47 95 67 6 
99 95 80 12 86 32 
28 61 16 60 42 64 
84 83 35 53 68 97 
92 75 50 3 47 73 
90 58 11 97 78 81 
79 72 69 11 37 83 
18 53 12 10 14 3 
0 34 9 30 38 52 
49 71 15 40 94 40 
2 40 18 88 47 46 
78 78 50 81 60 46 
95 82 31 5 27 94 
75 41 51 85 73 15 
80 95 22 38 98 19 
38 17 63 43 9 97 
99 78 21 86 16 33 
82 68 74 97 66 27 
18 72 91 28 67 2 
33 7 67 50 97 55 
84 85 86 95 72 34 
26 90 43 47 2 72 
98 83 44 19 93 53 
75 39 22 21 45 32 
94 57 61 63 34 0 
36 35 16 35 43 75 
30 10 30 54 60 64 
26 63 16 99 85 83 
42 47 84 81 5 92 
26 47 89 12 96 86 
87 42 90 16 94 74 
28 81 98 94 79 56 
54 83 96 33 2 67 
20 30 3 3 73 98 
57 34 23 38 95 12 
47 2 19 73 21 89 
75 82 28 14 40 49 
10 54 57 36 89 8 
67 100 76 81 13 59 
24 25 74 61 10 47 
94 69 13 87 57 89 
59 46 9 36 0 30 
24 57 56 97 15 93 
7 25 88 78 94 80 
42 74 51 73 47 80 
71 12 54 100 15 37 
12 78 28 25 27 1 
89 23 93 66 93 92 
37 7 84 21 4 83 
47 95 91 82 23 29 
46 51 69 70 27 51 
44 12 11 72 64 89 
22 91 91 97 15 40 
89 70 77 26 44 83 
22 94 20 48 93 42 
71 16 2 88 79 11 
61 24 7 24 11 48 
40 33 55 12 96 65 
30 35 30 0 34 3 
29 13 2 20 8 71 
48 31 32 24 48 20 
90 17 86 85 2 97 
67 30 82 84 18 48 
12 63 34 47 9 29 
32 9 71 39 68 35 
87 11 76 74 40 24 
43 7 9 82 86 78 
97 85 72 4 94 32 
35 39 96 5 55 27 
96 25 87 77 33 51 
87 26 55 8 89 61 
37 49 88 50 1 34 
62 51 61 100 65 89 
35 33 71 15 76 77 
83 73 72 11 38 16 
24 34 0 90 29 94 
76 50 83 31 71 74 
11 35 21 15 70 27 
39 60 8 46 24 90 
44 91 8 92 56 83 
63 13 72 41 62 30 
50 10 47 33 66 7 
92 96 33 37 86 8 
83 26 11 68 14 20 
45 22 55 82 32 81 
2 73 29 93 80 18 
93 32 3 52 8 1 
81 10 68 84 67 58 
62 44 47 54 3 55 
71 18 34 70 92 27 
15 57 58 77 23 73 
5 15 52 35 57 3 
90 0 81 46 16 24 
10 98 36 62 62 45 
20 44 79 99 10 74 
39 17 97 23 47 15 
17 11 92 87 26 91 
78 45 56 80 20 87 
79 51 7 94 8 58 
53 16 58 94 60 70 
25 13 50 93 36 80 
5 66 22 12 21 67 
13 46 38 67 88 30 
100 82 70 30 45 51 
64 5 57 90 99 4 
25 23 47 92 72 85 
1 40 85 85 6 45 
81 48 48 62 8 7 
49 43 56 29 29 81 
0 18 88 48 78 8 
26 17 60 36 76 74 
61 54 53 53 52 33 
51 51 86 54 58 64 
98 11 79 23 47 88 
64 19 46 39 69 71 
8 25 31 34 34 68 
75 39 20 19 33 77 
100 26 53 35 81 85 
8 49 95 86 69 27 
1 49 88 93 39 48 
81 95 17 97 21 75 
4 64 31 91 51 34 
78 25 34 90 6 6 
38 75 30 4 100 62 
94 60 61 98 71 75 
97 13 94 46 18 0 
51 67 97 82 86 29 
95 86 33 25 62 6 
87 48 46 19 82 10 
79 8 72 3 40 32 
86 62 14 98 58 48 
53 57 7 22 55 52 
60 32 79 22 86 27 
22 78 53 30 40 74 
48 76 62 23 57 8 
90 22 22 100 37 90 
37 75 47 44 27 66 
79 51 86 100 86 88 
8 51 80 43 76 36 
34 84 94 100 26 97 
41 19 18 91 70 22 
39 29 15 30 15 2 
76 16 88 51 0 65 
24 92 87 13 23 76 
40 90 16 22 44 77 
39 97 21 38 4 94 
94 85 82 63 14 17 
82 49 66 55 63 60 
46 72 76 26 15 34 
55 25 71 98 63 47 
45 41 67 46 16 33 
96 3 88 22 87 41 
10 61 87 66 72 98 
40 42 88 4 68 57 
92 14 78 42 30 67 
96 61 11 49 75 60 
36 34 74 17 18 87 
29 78 63 37 12 40 
40 10 93 20 50 24 
48 67 65 0 82 41 
27 58 49 67 12 97 
69 99 37 58 92 49 
15 78 27 69 85 33 
2 56 32 41 43 69 
73 8 45 92 74 87 
6 81 33 2 8 45 
4 28 89 64 63 22 
100 24 4 35 33 32 
80 5 38 22 87 1 
82 26 51 66 36 61 
35 46 47 69 61 22 
98 17 40 1 3 62 
15 78 94 55 38 13 
39 5 35 32 65 21 
33 55 24 60 94 30 
7 8 83 10 78 97 
24 82 0 9 28 85 
98 98 68 63 87 49 
87 76 22 81 27 43 
95 6 68 29 88 64 
79 39 53 32 6 100 
70 70 4 100 58 85 
72 7 76 7 10 58 
59 52 58 50 48 55 
69 64 43 24 89 51 
99 52 30 97 9 83 
9 52 50 6 41 27 
64 95 16 62 75 44 
80 85 97 21 90 12 
71 6 34 8 5 95 
12 67 16 22 84 9 
86 25 40 54 25 71 
31 98 8 82 92 41 
9 0 75 73 2 37 
94 23 3 2 82 40 
100 91 81 81 82 35 
7 47 94 91 66 36 
45 5 13 92 28 93 
46 60 27 92 54 87 
67 58 46 9 11 15 
63 4 75 26 99 70 
23 12 44 33 62 14 
72 72 98 35 39 4 
57 68 21 89 1 61 
72 69 4 38 77 97 
26 61 7 10 99 64 
26 94 20 43 82 90 
15 31 14 77 57 9 
2 60 88 48 71 36 
26 86 87 27 28 75 
0 8 16 32 61 53 
87 57 47 62 57 54 
8 57 1 44 58 26 
98 95 50 42 68 85 
38 79 99 70 16 82 
26 99 80 3 77 69 
25 79 16 2 41 1 
62 53 25 82 56 26 
49 78 39 67 10 57 
66 23 91 3 73 77 
38 65 55 73 65 48 
97 59 51 46 18 46 
50 21 24 55 94 85 
40 20 23 81 26 27 
83 37 71 87 40 64 
78 31 74 62 17 29 
13 58 85 73 8 0 
81 40 6 53 98 81 
92 93 88 60 69 9 
50 76 12 96 52 70 
67 93 43 84 22 93 
29 21 31 82 69 5 
41 12 80 65 55 36 
32 59 5 57 83 55 
58 80 100 36 15 54 
46 53 29 68 78 86 
17 21 2 15 23 51 
76 71 57 83 38 31 
27 15 23 25 52 45 
64 79 33 65 49 41 
27 39 49 67 88 98 
44 41 18 26 94 32 
11 62 60 95 23 49 
98 2 16 81 0 33 
41 98 75 74 21 11 
84 54 30 39 15 76 
19 69 35 64 5 75 
51 55 46 3 17 11 
72 81 34 50 3 2 
19 33 53 31 28 20 
58 57 81 92 54 52 
63 74 90 76 5 13 
23 77 9 45 26 78 
49 72 24 48 49 56 
79 17 97 11 81 74 
92 89 16 4 42 13 
48 95 66 11 84 26 
1 30 57 75 17 61 
88 63 80 24 35 45 
36 86 76 67 98 37 
32 40 33 0 71 96 
42 74 54 27 79 87 
35 47 82 92 11 45 
21 36 83 71 1 59 
30 1 40 88 5 99 
80 37 4 72 57 81 
93 84 31 46 81 25 
18 75 79 12 57 81 
6 11 35 80 11 33 
34 70 84 68 6 58 
18 73 51 6 16 28 
28 71 3 20 30 41 
17 10 92 98 82 90 
69 21 41 88 25 85 
40 43 77 76 47 16 
42 48 21 20 76 33 
40 12 68 94 61 6 
41 71 0 59 45 26 
16 34 68 82 39 91 
52 57 80 13 99 92 
95 63 68 89 28 40 
1 1 49 70 32 21 
68 88 89 61 97 85 
15 54 78 62 100 68 
91 28 40 97 26 15 
69 79 26 84 48 1 
67 87 95 25 91 82 
68 59 75 6 2 44 
94 53 14 22 56 6 
82 10 25 42 47 39 
45 72 42 16 68 94 
87 38 46 99 74 20 
15 44 74 25 90 97 
63 23 53 53 98 96 
59 0 68 15 10 72 
98 29 61 94 10 11 
65 28 81 67 90 10 
28 12 38 62 67 12 
14 91 81 98 40 73 
38 13 38 88 78 100 
71 74 87 13 9 78 
44 40 41 46 71 24 
63 51 92 91 21 84 
64 94 61 71 91 7 
87 91 10 5 19 83 
73 81 8 64 54 43 
89 85 28 9 23 4 
1 41 15 92 30 98 
78 85 51 90 70 79 
61 62 16 69 87 3 
87 98 75 42 45 68 
0 34 40 14 22 41 
54 9 77 36 45 20 
81 28 53 31 96 98 
96 33 41 41 85 54 
71 81 21 30 55 81 
20 96 83 13 43 7 
41 96 34 20 23 35 
3 42 36 39 94 39 
50 88 36 94 49 14 
48 46 44 6 32 32 
72 67 67 53 71 56 
10 90 29 3 34 19 
88 54 99 27 3 83 
39 9 10 83 78 83 
73 17 27 99 54 6 
22 99 49 2 57 81 
74 74 26 15 34 0 
6 74 10 87 21 41 
43 55 94 17 62 87 
42 80 47 4 40 46 
80 36 34 76 79 89 
58 1 41 52 27 52 
6 85 11 43 90 32 
99 51 23 44 12 39 
20 83 79 85 76 71 
94 6 91 18 61 91 
25 45 20 85 41 36 
62 12 35 99 21 28 
76 42 59 75 63 100 
26 50 56 47 31 11 
85 60 50 42 47 86 
39 10 53 87 44 37 
87 82 47 92 21 54 
16 10 40 6 0 85 
98 74 4 92 97 23 
54 90 73 23 49 25 
32 98 57 43 35 70 
99 17 46 100 86 21 
85 67 18 32 30 1 
20 28 62 8 13 4 
59 8 15 43 83 95 
5 26 57 97 30 91 
86 49 89 61 9 46 
20 17 65 49 86 90 
91 45 10 40 42 21 
58 75 29 69 59 22 
99 50 71 92 36 20 
81 47 80 85 60 74 
53 48 77 58 76 40 
62 93 11 27 34 72 
14 74 85 0 50 16 
31 65 58 100 66 45 
95 92 79 14 60 61 
90 46 56 18 99 86 
6 15 16 60 49 40 
67 68 38 62 52 15 
72 35 96 44 38 96 
26 36 48 95 55 6 
91 48 61 70 16 77 
11 83 38 66 93 68 
69 48 48 99 90 5 
66 22 44 23 48 62 
20 90 22 59 73 93 
35 23 49 76 60 84 
71 2 8 39 52 46 
39 92 22 100 57 88 
84 79 68 98 22 10 
98 50 0 13 97 9 
46 2 75 65 66 15 
49 28 10 65 89 90 
56 44 78 95 83 84 
28 48 85 31 63 49 
19 41 27 4 62 84 
44 1 70 36 17 7 
81 32 33 22 41 73 
56 68 83 32 45 79 
85 63 85 12 30 52 
17 84 65 40 21 86 
84 66 4 33 34 2 
64 2 7 80 53 73 
17 6 46 81 12 97 
46 17 33 19 97 49 
81 91 54 60 54 87 
82 29 41 87 74 16 
13 0 48 63 82 78 
38 62 8 49 34 55 
96 71 36 48 61 99 
64 45 78 79 80 53 
5 78 11 81 81 49 
39 66 63 37 26 63 
45 91 17 14 62 70 
91 29 100 18 55 82 
97 56 32 73 86 76 
95 100 1 69 20 25 
19 60 18 54 60 66 
20 12 44 27 31 96 
78 11 59 53 1 66 
95 5 54 67 24 97 
51 82 21 15 27 81 
8 69 30 35 39 61 
54 21 4 31 97 48 
0 31 25 70 13 22 
87 3 58 11 92 26 
94 25 21 1 6 27 
5 47 67 73 44 4 
41 65 86 81 58 9 
58 54 25 17 27 34 
87 44 6 41 1 82 
31 75 72 13 9 19 
13 43 12 4 60 24 
3 2 91 99 32 55 
4 47 49 20 30 72 
31 73 20 10 51 39 
5 80 7 20 82 92 
100 30 90 23 51 10 
38 78 43 81 57 9 
39 47 91 94 9 41 
92 65 9 63 31 0 
95 97 84 42 99 24 
26 78 41 50 90 16 
20 98 44 47 37 91 
91 87 81 58 12 18 
92 39 66 54 54 30 
23 78 58 59 57 41 
100 71 17 54 93 52 
77 81 36 38 95 70 
23 8 61 15 38 61 
46 96 98 23 53 13 
50 44 100 52 74 80 
6 64 19 17 48 4 
13 84 31 26 15 82 
44 47 86 79 4 27 
95 82 1 50 15 82 
52 10 77 43 97 58 
46 82 25 95 0 82 
67 22 91 10 5 64 
4 31 38 27 67 36 
49 29 84 75 14 16 
33 3 70 12 75 42 
37 31 98 76 20 83 
27 19 42 80 47 67 
46 34 19 47 98 81 
67 49 62 10 37 6 
72 17 8 22 95 34 
27 5 30 84 31 24 
27 7 93 98 100 52 
46 41 17 18 66 1 
5 47 37 84 91 15 
54 8 94 69 6 35 
44 76 76 92 57 11 
36 55 23 100 2 78 
70 97 82 0 61 21 
5 64 20 19 9 50 
11 76 70 15 14 76 
18 88 59 75 60 53 
68 78 51 97 84 16 
71 48 58 22 52 66 
24 32 14 54 59 7 
19 12 21 51 39 12 
17 85 58 79 9 40 
48 12 11 68 38 49 
28 52 79 26 48 36 
63 38 76 47 73 28 
93 88 88 14 27 89 
12 18 8 17 58 72 
94 85 68 7 58 12 
19 11 80 65 45 94 
54 66 75 38 13 84 
67 61 0 90 88 56 
71 9 82 53 98 21 
27 37 32 60 45 73 
70 38 63 49 42 76 
18 56 38 74 59 16 
4 40 17 18 47 39 
11 31 61 97 99 32 
73 29 38 50 20 59 
34 15 11 74 17 61 
79 12 18 46 47 22 
38 90 60 59 8 46 
97 37 16 25 92 31 
42 41 94 12 78 48 
92 11 64 3 85 33 
29 47 26 96 69 45 
13 28 20 17 90 45 
65 62 22 42 22 21 
90 0 86 2 67 34 
16 4 80 75 84 34 
28 87 11 42 90 4 
75 5 78 16 36 41 
18 79 17 35 22 42 
4 42 98 79 73 69 
10 27 6 10 46 20 
68 100 28 25 24 57 
60 24 23 8 78 67 
54 68 57 70 76 47 
87 10 45 15 50 100 
79 41 84 79 12 88 
75 96 28 12 56 92 
98 40 82 2 88 94 
98 52 35 21 99 81 
81 62 73 95 66 8 
87 99 91 5 88 86 
0 47 85 67 17 55 
41 31 52 41 37 72 
50 14 95 88 78 46 
82 38 9 25 62 35 
86 16 72 40 73 60 
46 77 37 3 46 74 
93 34 97 79 10 59 
69 98 61 30 19 41 
83 82 25 20 53 96 
63 76 19 96 59 96 
13 73 34 40 87 70 
6 38 59 77 41 86 
25 63 83 87 11 32 
63 56 64 91 95 70 
64 36 92 67 28 87 
23 92 15 49 3 24 
10 64 56 2 47 0 
54 88 5 1 61 100 
54 72 49 72 75 88 
40 76 94 86 26 48 
57 13 55 32 36 85 
27 74 90 58 12 63 
56 36 35 73 79 72 
36 28 68 2 47 73 
48 31 56 75 4 31 
54 93 35 100 9 93 
79 8 24 61 4 90 
6 31 9 27 6 80 
51 86 51 87 27 34 
63 26 79 86 14 32 
79 66 50 67 5 83 
95 90 53 42 49 79 
49 34 58 26 5 20 
71 67 85 54 0 87 
78 6 37 77 55 82 
39 74 30 89 59 4 
46 86 19 65 41 75 
24 27 75 60 12 2 
96 46 60 48 85 12 
79 67 56 100 6 51 
11 26 93 21 80 82 
77 19 28 57 36 99 
82 88 32 91 59 83 
99 80 67 52 4 70 
90 29 35 39 97 55 
85 42 1 47 13 91 
23 62 17 41 39 36 
42 93 75 71 63 10 
31 80 25 14 28 55 
11 78 64 19 9 34 
67 88 87 0 96 29 
97 40 20 65 24 59 
58 40 31 20 81 2 
77 59 92 76 31 23 
75 43 39 100 78 71 
70 91 39 92 32 41 
22 58 23 47 45 86 
75 20 56 88 86 90 
68 2 45 21 20 39 
90 52 2 47 28 95 
49 1 32 48 99 11 
32 57 78 1 73 90 
89 9 72 78 47 14 
82 43 53 45 68 43 
51 1 68 28 96 47 
32 60 10 96 92 41 
4 9 82 16 17 5 
78 96 0 22 45 78 
49 4 2 43 75 8 
62 70 86 84 53 84 
3 39 55 79 56 1 
5 12 33 56 34 37 
54 35 18 7 52 39 
21 75 96 53 31 38 
81 74 78 20 45 50 
54 74 80 79 97 2 
83 36 67 14 79 89 
87 1 75 12 12 46 
72 47 15 16 23 29 
41 45 88 98 49 69 
32 5 85 84 55 59 
89 12 98 4 98 61 
65 71 26 50 31 50 
53 4 55 1 6 29 
22 0 2 70 81 97 
30 40 89 88 40 98 
69 41 74 82 74 61 
6 91 34 30 33 30 
15 92 5 14 16 6 
90 52 91 72 35 30 
60 72 2 72 77 80 
91 11 15 74 64 33 
10 80 76 21 24 27 
6 6 60 17 9 98 
5 19 11 43 63 17 
80 94 93 32 62 56 
64 58 66 73 6 13 
38 22 46 30 28 38 
96 40 57 90 89 36 
94 90 38 11 98 80 
41 61 37 97 45 2 
0 2 38 57 58 93 
71 76 70 76 27 20 
22 41 63 7 66 23 
99 62 41 42 53 60 
68 13 98 17 46 18 
40 31 36 88 20 95 
61 1 7 90 41 17 
87 84 38 23 71 70 
52 91 9 53 27 9 
26 50 66 24 98 67 
12 50 65 7 95 74 
66 9 30 80 19 48 
55 8 100 92 79 93 
3 1 40 62 33 46 
43 46 90 48 25 16 
27 76 21 75 31 100 
77 40 78 70 2 0 
8 99 46 24 19 52 
22 60 92 96 100 85 
84 48 24 66 88 89 
29 99 73 7 67 60 
86 90 6 6 81 13 
34 25 61 16 5 23 
46 95 48 9 4 87 
84 79 8 93 90 33 
7 51 40 20 17 23 
84 92 30 6 44 94 
12 24 22 28 93 71 
50 20 46 53 63 45 
70 28 99 29 17 40 
1 67 41 80 35 56 
56 61 21 20 67 70 
27 84 52 54 55 20 
49 81 38 8 0 44 
24 96 50 86 15 44 
99 46 39 38 34 31 
43 69 19 78 34 93 
17 83 18 50 77 8 
29 68 43 9 97 7 
62 3 91 66 54 81 
61 46 64 51 84 35 
83 8 9 39 4 2 
87 87 80 21 80 35 
84 49 100 36 53 17 
38 81 92 39 10 87 
39 57 60 92 70 93 
70 21 11 88 1 12 
41 36 70 18 44 99 
1 98 36 15 37 34 
41 72 82 65 4 97 
57 99 44 0 53 67 
20 52 21 59 92 94 
15 65 76 41 89 64 
49 9 40 93 80 7 
90 70 11 99 34 81 
90 32 59 11 30 86 
34 18 64 48 79 57 
57 37 42 61 78 8 
92 69 77 34 75 95 
8 71 82 6 96 80 
23 38 11 56 98 98 
37 68 47 79 69 7 
46 74 4 46 16 31 
72 5 49 14 85 34 
99 99 78 64 6 44 
49 14 32 28 37 49 
39 24 2 30 58 46 
24 53 0 36 73 35 
55 30 61 77 50 20 
57 49 17 33 3 64 
81 29 62 55 94 26 
94 26 45 14 40 95 
30 53 9 82 2 7 
14 7 8 65 84 19 
32 62 77 93 1 42 
39 36 98 80 45 75 
3 100 10 46 48 91 
46 93 19 94 7 35 
33 51 71 22 72 87 
100 60 82 82 81 99 
70 91 54 76 17 86 
95 45 27 47 29 76 
60 87 72 72 74 59 
43 40 93 24 96 67 
36 0 43 69 27 52 
53 67 73 2 44 73 
99 26 46 86 76 96 
98 78 40 60 75 91 
34 42 44 27 69 51 
4 73 70 77 22 78 
93 25 56 94 35 83 
34 52 23 74 55 53 
65 76 64 78 76 46 
93 8 15 3 7 100 
38 79 84 87 66 7 
8 55 76 6 58 27 
26 69 34 80 32 81 
71 79 46 6 83 78 
5 37 84 18 45 11 
50 75 30 58 75 89 
71 19 50 20 73 43 
0 69 38 5 70 50 
55 44 61 69 62 19 
58 31 68 89 61 68 
93 16 10 73 20 50 
96 53 78 12 90 29 
43 38 33 69 15 83 
40 43 1 93 31 42 
87 87 12 85 83 29 
14 14 92 84 75 80 
76 94 21 84 17 56 
21 11 7 94 25 52 
26 81 85 92 99 5 
50 37 21 98 81 89 
100 15 84 79 47 91 
75 88 73 42 14 88 
89 40 8 88 76 52 
86 52 35 69 69 0 
19 10 15 22 64 59 
25 96 9 87 23 41 
45 55 7 8 67 14 
51 59 35 70 56 13 
28 68 100 46 3 70 
28 82 10 36 49 90 
10 47 14 47 55 95 
74 94 35 10 48 57 
12 20 64 40 10 11 
75 44 63 54 4 76 
92 8 31 60 15 33 
72 54 80 41 3 4 
68 40 21 58 86 16 
28 80 67 91 14 59 
70 90 95 40 59 31 
62 40 70 22 15 21 
55 27 38 19 0 58 
34 18 47 51 27 92 
81 73 85 11 47 10 
73 17 53 38 90 77 
1 19 65 67 56 93 
10 28 85 22 44 29 
28 53 15 32 55 5 
15 73 44 63 71 77 
91 24 27 5 64 81 
96 60 96 6 29 86 
43 83 83 74 96 58 
34 32 34 2 7 87 
3 12 2 72 88 73 
30 1 21 60 48 53 
73 87 16 75 38 4 
88 76 4 20 70 98 
76 60 44 59 30 52 
5 10 58 0 
