100
69 21 38 81 28 77 58 4 91 5 48 35 69 63 26 6 11 40 36 47 62 51 66 29 7 31 42 6 83 78 86 1 13 64 41 16 58 61 52 99 44 10 10 54 35 69 47 28 28 70 85 58 50 33 26 20 7 50 2 49 83 96 48 84 38 81 32 99 95 97 4 87 74 73 94 34 57 94 26 74 39 3 67 62 63 26 92 24 82 51 77 62  39 7 5 48 30 59 83
0 42 28 42 47 34 
18 87 33 12 30 67 
75 31 41 85 17 33 
18 56 78 55 31 36 
67 1 98 68 50 75 
56 50 41 81 92 63 
32 74 15 72 8 70 
7 21 60 7 32 49 
65 49 45 49 34 43 
78 83 82 13 44 84 
44 95 36 69 86 5 
64 70 20 42 4 25 
88 19 5 33 23 28 
29 7 40 9 64 41 
77 63 88 11 36 66 
31 45 36 100 100 62 
44 100 22 22 42 0 
83 3 76 96 83 1 
48 88 80 3 7 19 
30 85 20 11 39 44 
96 67 71 35 100 7 
45 10 14 39 84 25 
78 24 9 47 5 29 
64 28 93 13 55 65 
25 43 82 22 93 89 
58 35 18 95 86 72 
26 72 1 68 28 4 
31 8 77 28 89 84 
52 69 59 85 32 87 
83 66 26 32 3 34 
94 50 82 7 57 36 
40 96 17 90 42 38 
78 61 74 52 98 33 
28 46 28 83 0 59 
52 59 31 92 30 6 
82 37 37 60 9 71 
17 71 54 97 28 53 
1 17 58 17 6 84 
8 58 30 58 85 39 
88 56 16 11 93 33 
15 77 11 70 7 78 
7 6 59 90 92 9 
4 2 51 4 20 81 
81 49 42 87 87 4 
77 44 86 54 94 22 
72 50 57 58 71 21 
85 42 59 15 92 19 
56 49 97 25 84 90 
65 3 93 62 57 28 
40 19 49 73 38 52 
42 3 59 0 16 61 
41 73 21 20 4 70 
14 97 67 48 79 41 
6 55 35 18 7 21 
32 57 93 95 41 4 
79 23 86 69 63 29 
7 54 45 64 18 45 
72 83 32 46 8 91 
31 54 24 51 43 37 
1 79 4 31 56 7 
83 98 64 66 23 81 
5 52 93 85 99 23 
4 21 60 9 75 52 
26 62 4 61 11 45 
42 99 19 78 12 17 
77 37 65 54 28 34 
39 69 25 70 47 76 
52 16 0 93 1 93 
82 85 50 74 81 73 
39 43 15 1 78 92 
29 53 77 85 69 34 
21 74 12 69 73 75 
50 61 2 10 19 24 
7 85 7 11 39 44 
18 57 88 47 38 74 
28 14 79 90 6 94 
35 96 56 85 42 71 
18 83 67 65 58 67 
17 2 65 9 100 82 
7 19 21 53 39 2 
53 19 44 45 57 67 
80 15 95 68 45 74 
22 47 8 100 76 69 
26 26 34 96 59 61 
93 0 68 36 99 68 
97 41 81 72 79 83 
95 41 18 82 69 75 
7 92 52 87 2 69 
21 21 31 67 25 45 
100 44 2 37 58 36 
93 38 67 82 99 97 
61 67 15 72 22 52 
54 17 61 73 34 23 
43 64 24 34 32 100 
9 12 98 2 92 74 
60 5 87 67 15 42 
7 10 24 22 18 72 
92 69 60 4 32 13 
98 5 39 67 6 37 
73 11 57 63 61 5 
18 83 31 41 1 68 
0 14 31 29 46 84 
73 80 8 60 48 8 
60 83 91 88 17 59 
92 17 11 75 90 47 
36 28 82 86 61 30 
36 18 62 91 25 8 
57 45 49 34 12 24 
72 35 93 49 50 3 
29 30 59 2 65 55 
4 56 76 58 37 87 
10 44 38 30 28 59 
96 21 34 88 57 86 
34 73 63 17 28 12 
45 66 81 62 4 51 
69 88 47 92 42 78 
96 78 13 77 87 1 
92 73 93 36 14 0 
48 92 5 62 2 77 
69 95 33 77 100 91 
25 44 68 30 40 41 
2 55 49 18 14 85 
89 13 33 74 73 43 
22 65 18 35 43 52 
28 70 51 4 84 83 
83 71 82 96 15 19 
72 24 61 16 37 38 
86 12 75 13 94 45 
4 52 87 5 71 23 
36 94 76 79 67 14 
89 15 3 16 83 33 
66 55 52 48 80 62 
34 32 72 99 18 20 
21 98 33 48 30 21 
82 99 31 48 0 48 
60 55 52 4 55 28 
58 74 65 99 81 98 
18 27 38 96 1 17 
72 60 77 24 21 26 
4 52 32 5 95 53 
50 84 4 67 20 82 
64 9 27 69 76 27 
23 34 71 70 58 13 
32 58 66 49 14 7 
29 23 44 4 59 95 
36 78 27 15 7 65 
84 45 18 14 91 31 
44 28 17 92 89 92 
7 45 40 78 90 45 
92 87 31 55 24 4 
12 88 6 20 85 68 
29 92 48 0 85 18 
74 29 64 64 76 85 
77 4 19 28 51 52 
83 76 98 38 19 99 
25 28 25 63 56 44 
81 73 82 74 4 23 
77 77 73 88 7 77 
3 62 92 42 3 80 
17 46 94 41 62 10 
43 48 61 19 70 95 
38 15 85 17 47 57 
24 31 58 46 33 83 
8 22 64 24 81 13 
41 48 6 48 62 90 
63 18 79 39 75 96 
43 52 68 99 30 80 
82 4 50 97 46 5 
60 85 0 41 21 100 
99 13 94 13 70 89 
89 33 87 19 1 55 
44 39 55 48 15 55 
88 15 44 78 21 34 
60 97 11 37 8 21 
31 22 18 80 74 86 
68 8 26 53 85 12 
17 87 33 36 73 81 
27 26 96 91 43 25 
88 17 32 68 44 95 
26 33 42 8 54 21 
30 80 30 95 65 51 
49 73 92 5 50 5 
20 51 85 14 71 25 
40 41 67 3 37 70 
74 41 84 62 55 18 
41 0 82 10 56 78 
22 52 10 18 96 58 
70 16 19 57 17 85 
19 19 32 14 45 100 
39 55 59 15 12 39 
69 7 32 79 93 10 
100 31 11 79 87 51 
80 84 50 30 95 39 
63 50 51 58 13 34 
92 21 12 29 2 40 
52 9 41 90 89 29 
56 22 50 19 74 3 
59 41 28 7 100 9 
8 7 74 97 72 78 
91 15 43 77 55 3 
75 7 37 14 81 81 
73 2 52 74 21 82 
0 8 100 74 13 37 
84 53 14 54 61 16 
15 71 13 96 34 24 
56 46 89 3 2 26 
65 35 99 85 22 7 
34 28 90 82 79 64 
28 100 60 37 91 15 
52 30 79 61 56 42 
7 96 71 39 85 27 
22 69 30 45 50 39 
8 91 21 58 34 77 
73 34 12 75 47 26 
52 17 29 46 52 96 
40 13 74 19 100 51 
99 18 29 23 31 19 
60 97 73 72 80 77 
4 29 100 10 8 0 
100 52 70 17 7 97 
24 48 17 90 83 17 
10 100 34 76 23 83 
35 38 63 28 30 96 
82 15 2 74 18 16 
40 83 18 51 7 5 
39 23 89 71 52 68 
24 66 49 10 70 17 
65 83 23 5 23 5 
52 51 12 55 44 24 
12 54 33 12 64 86 
17 11 7 68 22 72 
88 4 18 57 42 40 
61 50 73 33 55 64 
28 71 41 30 9 67 
39 79 8 69 55 64 
99 56 100 100 0 92 
10 82 54 3 38 35 
64 46 48 48 49 69 
65 1 22 86 69 9 
38 95 89 86 19 76 
47 76 98 1 58 59 
68 93 74 40 75 64 
74 26 75 75 98 17 
75 37 20 92 77 7 
51 33 55 96 82 62 
73 40 52 39 89 43 
49 81 34 60 19 73 
28 25 14 10 10 77 
44 53 50 7 50 39 
20 67 77 10 90 73 
85 85 71 48 43 83 
60 95 28 64 13 78 
74 52 92 0 77 37 
27 40 83 58 62 71 
22 44 5 55 92 99 
70 89 61 94 94 67 
38 70 4 73 49 82 
34 9 83 29 22 84 
37 59 100 20 27 67 
22 84 83 80 13 2 
12 71 5 71 39 71 
43 20 4 19 15 41 
35 47 100 37 71 9 
78 99 49 65 11 85 
44 32 22 91 61 8 
88 82 69 79 83 94 
93 16 75 70 17 20 
17 79 15 95 48 33 
58 76 94 22 13 70 
10 77 0 37 83 9 
24 48 45 95 10 18 
6 34 95 20 71 73 
100 67 56 58 11 6 
30 54 36 25 44 2 
92 94 91 1 11 6 
81 55 44 50 70 94 
51 74 9 8 62 80 
83 98 87 99 72 76 
71 90 34 34 65 16 
22 6 8 31 41 32 
96 51 65 74 34 22 
1 68 39 57 42 70 
95 78 86 93 29 17 
52 69 33 11 71 41 
1 41 8 77 74 85 
13 52 37 17 82 37 
37 0 8 9 90 50 
29 46 6 86 92 15 
97 74 37 84 23 31 
36 71 1 85 15 61 
64 34 2 89 54 63 
68 67 100 74 68 76 
53 16 47 96 20 80 
6 82 72 30 5 88 
76 37 100 23 19 10 
77 49 66 61 98 6 
42 11 5 69 54 77 
8 32 64 47 99 13 
24 74 22 87 64 100 
33 17 81 53 87 28 
18 39 54 6 78 18 
60 100 65 77 70 10 
84 7 54 27 83 8 
0 86 6 84 58 77 
60 9 48 91 34 3 
14 88 12 91 34 48 
53 22 21 13 98 18 
7 58 81 11 1 27 
83 67 55 19 30 54 
94 57 86 69 53 26 
28 79 67 8 57 94 
65 12 41 14 12 15 
32 84 42 19 68 88 
38 39 81 19 97 18 
39 64 39 3 41 22 
80 57 86 15 62 58 
40 99 29 49 56 44 
97 55 92 82 83 91 
99 4 89 18 53 97 
3 40 9 9 86 0 
15 32 54 93 2 19 
14 100 51 74 98 76 
47 32 69 70 84 50 
42 44 74 22 13 78 
97 49 5 13 32 99 
50 38 76 92 82 44 
79 30 65 36 17 37 
26 33 27 3 8 42 
16 9 28 45 81 31 
56 66 46 79 77 84 
55 99 76 40 22 70 
6 100 83 36 62 48 
52 5 35 35 16 39 
70 91 78 96 28 35 
29 69 91 25 81 19 
89 96 14 24 38 83 
24 90 6 15 0 81 
96 93 4 5 22 35 
85 18 64 27 15 75 
8 76 100 47 1 8 
28 80 63 91 41 36 
66 13 47 52 58 37 
53 22 25 2 56 35 
76 98 80 91 20 78 
87 6 50 41 51 44 
78 41 27 84 48 61 
3 48 67 18 64 24 
86 10 52 78 71 95 
68 8 83 14 85 42 
23 26 13 9 54 84 
55 67 53 18 53 75 
88 44 98 28 33 58 
54 48 35 58 48 50 
84 32 81 0 6 100 
57 29 33 53 35 4 
9 63 13 80 17 66 
58 13 94 87 68 84 
41 8 45 77 13 46 
10 35 41 91 60 40 
65 1 50 70 14 96 
81 71 17 54 70 3 
71 59 18 92 71 82 
7 50 13 63 71 98 
66 72 75 45 53 8 
19 65 11 30 30 32 
75 65 48 37 67 89 
64 59 27 30 31 71 
1 7 77 7 17 68 
18 51 87 70 61 17 
64 62 45 29 58 54 
96 6 0 21 13 60 
95 41 49 53 53 80 
15 27 88 74 65 67 
59 89 37 13 65 28 
56 53 62 11 99 88 
33 77 95 18 55 30 
68 19 52 82 7 68 
99 100 83 66 58 19 
78 33 94 37 58 22 
82 36 54 20 33 54 
75 90 50 55 29 12 
55 19 67 95 78 2 
23 96 75 69 83 36 
43 85 36 35 17 21 
85 92 59 30 27 52 
19 16 16 90 46 71 
95 46 77 93 93 100 
21 0 37 38 7 43 
49 77 53 5 10 84 
73 68 5 69 100 99 
51 13 98 70 42 15 
94 29 66 12 96 34 
16 75 2 5 69 100 
41 93 54 98 50 45 
82 85 23 55 52 3 
37 72 23 58 1 74 
50 93 19 54 79 24 
29 52 4 3 88 69 
70 76 84 82 40 90 
38 24 96 100 72 26 
67 100 58 32 69 52 
92 40 38 83 1 19 
15 83 48 22 10 6 
60 2 4 57 13 37 
0 99 58 17 97 78 
18 24 32 67 28 67 
26 76 74 83 89 93 
28 55 30 11 53 72 
18 94 43 81 72 54 
36 54 3 53 83 89 
54 21 99 79 55 92 
100 51 53 43 40 19 
19 49 41 49 99 32 
54 88 15 27 32 39 
77 26 40 50 15 40 
8 99 83 30 41 20 
63 46 77 79 1 7 
17 57 34 87 17 41 
96 76 55 57 71 17 
48 44 18 86 9 19 
5 29 60 38 99 0 
4 38 32 40 28 61 
16 18 45 48 38 61 
97 69 15 69 87 57 
89 91 1 11 53 93 
85 54 20 50 84 71 
9 56 5 90 98 100 
10 40 12 3 99 42 
95 67 99 74 36 25 
8 62 97 50 10 37 
19 10 18 14 44 19 
58 31 31 85 44 1 
16 96 67 17 75 44 
48 73 98 45 6 93 
21 2 11 2 1 98 
44 17 13 10 49 5 
6 92 48 14 22 33 
95 7 58 4 0 53 
30 63 17 22 59 6 
28 10 52 100 11 91 
89 2 4 56 24 32 
14 64 66 65 44 1 
76 13 48 31 76 42 
68 71 19 42 97 84 
18 8 16 11 64 39 
48 41 64 15 87 35 
9 64 26 11 96 75 
65 3 31 70 8 94 
32 88 29 45 53 99 
31 19 46 98 55 16 
68 10 84 95 74 69 
75 55 17 38 39 85 
96 100 69 55 34 15 
91 100 35 53 41 43 
17 38 53 0 3 3 
86 22 66 93 1 93 
63 19 99 60 66 38 
80 4 2 70 95 60 
43 54 29 4 94 4 
61 7 86 22 50 75 
33 79 84 75 24 33 
54 75 25 76 83 85 
67 79 80 23 74 52 
29 10 36 65 12 12 
53 39 50 13 76 81 
75 72 63 62 22 22 
63 93 26 64 50 14 
8 41 12 21 90 49 
72 19 55 19 34 34 
65 92 95 97 34 51 
85 35 49 49 97 32 
30 3 0 78 17 54 
42 86 80 24 11 82 
69 53 12 33 8 94 
67 88 93 82 87 52 
40 78 28 49 58 3 
71 4 86 71 75 53 
40 6 72 6 84 45 
54 5 78 29 13 55 
27 63 1 4 66 65 
62 44 22 76 95 97 
79 52 15 68 89 11 
56 28 47 57 3 9 
94 49 75 39 58 4 
69 21 47 18 60 99 
48 19 24 76 1 99 
20 74 3 74 18 4 
53 77 78 40 63 3 
78 0 74 70 49 43 
50 20 28 80 82 51 
66 26 57 83 8 60 
62 55 51 15 30 69 
34 44 92 28 52 47 
43 72 72 11 25 53 
61 3 40 42 73 77 
10 28 13 16 73 95 
39 93 52 23 7 60 
77 20 17 37 3 24 
78 36 88 69 38 80 
97 72 2 38 87 31 
56 84 30 79 73 31 
36 14 77 25 15 32 
56 23 22 70 71 37 
14 98 64 9 53 53 
18 28 17 86 17 74 
0 87 57 21 80 33 
7 97 1 16 10 19 
43 88 78 3 32 90 
30 39 36 58 9 16 
72 73 77 15 97 68 
98 79 97 53 96 86 
99 64 93 1 23 100 
16 57 7 46 81 35 
9 65 34 89 28 33 
69 91 48 16 93 35 
42 66 58 87 43 11 
43 8 24 52 50 25 
58 23 75 67 28 85 
24 28 55 14 46 83 
86 89 73 84 88 76 
27 63 80 5 24 61 
22 22 54 70 87 0 
91 40 76 9 90 90 
54 44 2 89 56 14 
34 75 13 54 45 61 
63 67 93 52 68 12 
12 68 72 65 16 27 
40 53 38 55 74 22 
81 78 68 51 98 64 
73 68 84 51 50 82 
85 57 78 83 12 91 
84 31 76 63 83 74 
6 15 81 31 94 68 
28 78 41 78 85 86 
50 25 82 89 21 25 
88 45 89 35 69 61 
100 23 12 47 15 13 
15 10 32 16 59 66 
42 49 57 91 0 12 
15 80 47 47 41 57 
18 12 9 45 86 59 
96 53 84 59 15 44 
57 89 96 69 58 78 
80 25 62 40 90 44 
73 75 31 71 22 47 
89 1 13 18 72 51 
46 59 79 42 46 12 
19 52 36 13 77 25 
98 66 63 99 29 81 
13 27 66 38 87 64 
81 24 39 69 61 45 
86 13 26 63 15 100 
3 38 9 94 67 31 
91 32 75 80 27 84 
67 18 6 93 86 43 
21 40 12 0 74 20 
58 97 63 71 1 68 
49 2 92 100 5 24 
33 56 20 28 100 39 
32 78 42 76 25 41 
14 77 72 36 81 34 
11 10 85 32 37 16 
89 42 95 22 3 74 
58 18 22 52 72 41 
43 98 58 91 27 76 
54 67 55 92 67 81 
46 98 52 82 92 9 
88 63 2 100 61 33 
4 56 44 39 2 63 
38 94 56 36 34 69 
8 17 88 73 28 45 
28 1 80 50 80 76 
15 74 0 91 91 62 
67 63 66 90 78 68 
11 59 89 84 82 64 
75 69 83 35 57 62 
66 26 29 83 68 86 
51 46 23 22 23 79 
54 26 10 85 82 52 
50 23 54 25 5 54 
37 78 81 24 76 79 
99 27 61 64 18 28 
95 23 2 83 23 58 
42 40 63 47 56 29 
10 44 30 74 52 44 
78 55 26 28 95 67 
58 71 48 70 76 66 
74 68 67 48 10 93 
24 20 33 9 80 20 
91 0 2 75 5 52 
77 5 41 92 43 28 
3 98 52 4 27 40 
53 67 11 36 20 98 
47 4 63 32 58 91 
56 6 70 47 8 16 
82 96 84 86 72 82 
16 3 96 19 12 43 
5 33 87 34 59 36 
52 68 49 12 55 26 
15 40 31 20 59 57 
32 5 16 7 19 2 
36 73 32 81 21 59 
65 30 89 38 11 1 
53 84 100 58 65 5 
26 38 52 63 11 28 
7 90 47 58 91 2 
0 44 15 42 81 85 
39 92 85 6 41 67 
53 46 4 30 2 50 
76 81 12 11 24 83 
35 56 78 43 33 100 
65 84 13 80 95 61 
7 8 19 66 76 43 
96 68 70 32 7 36 
32 7 47 89 78 97 
25 26 41 43 20 82 
8 65 14 41 74 29 
11 54 24 37 18 43 
5 73 34 15 35 96 
86 70 6 85 22 50 
47 13 67 69 76 61 
100 19 82 80 97 90 
47 97 62 75 44 0 
41 82 42 84 8 27 
88 84 16 55 79 29 
77 93 80 81 92 24 
62 63 87 60 38 79 
82 93 43 45 37 72 
51 49 53 11 99 29 
52 64 21 59 48 67 
61 46 12 1 61 44 
36 62 93 58 24 95 
41 64 95 78 98 15 
28 16 15 64 93 45 
7 58 62 22 95 82 
60 12 99 82 19 4 
30 15 21 42 1 94 
59 100 74 97 11 99 
69 82 1 54 41 63 
67 5 15 41 0 68 
49 43 28 68 86 43 
88 99 22 3 100 72 
89 50 73 96 26 100 
79 73 99 9 43 23 
26 1 69 94 49 21 
38 67 1 93 89 13 
17 17 14 13 29 94 
71 2 2 98 74 43 
51 7 29 94 85 97 
93 77 29 6 31 1 
72 28 33 64 85 36 
91 65 53 74 97 39 
85 15 76 73 54 61 
13 44 8 87 89 99 
83 69 91 60 53 51 
16 44 57 71 63 52 
42 82 68 0 76 91 
26 59 91 65 48 56 
56 47 4 66 57 17 
96 100 99 99 15 67 
63 62 64 9 84 76 
82 12 63 100 28 48 
94 49 16 65 23 8 
54 76 7 37 67 67 
5 56 87 75 64 31 
54 43 29 58 34 27 
37 69 90 41 8 93 
15 18 7 93 25 18 
50 4 11 69 22 2 
47 49 36 64 98 74 
28 68 37 51 89 15 
89 66 12 66 10 2 
18 1 66 77 81 42 
49 76 0 36 57 21 
23 77 39 89 14 26 
55 54 15 48 29 60 
36 92 77 53 94 56 
5 98 56 38 68 82 
18 59 34 49 89 80 
35 67 74 67 39 73 
47 49 24 93 73 28 
97 85 3 63 30 99 
84 5 66 98 1 100 
52 53 70 13 77 45 
11 38 8 35 84 23 
37 7 7 74 76 82 
25 34 18 22 80 84 
13 13 93 69 2 38 
33 26 19 89 12 68 
90 5 85 84 43 91 
36 0 13 35 63 35 
90 50 79 20 8 81 
63 44 10 64 16 11 
8 69 49 93 6 82 
52 27 33 12 95 53 
80 47 54 84 100 20 
81 70 87 20 14 30 
90 6 57 25 64 64 
17 46 40 63 30 79 
92 33 60 38 86 50 
7 55 11 72 39 67 
57 43 4 77 8 32 
34 18 98 34 44 2 
7 13 63 41 65 98 
28 87 4 80 8 57 
43 56 9 49 78 41 
39 8 28 26 57 13 
0 6 8 6 34 3 
13 28 45 51 25 34 
87 53 46 46 100 3 
85 75 64 97 32 47 
75 18 88 20 27 61 
26 48 65 48 58 2 
38 10 71 4 10 66 
16 91 71 93 12 62 
96 18 40 20 2 12 
2 65 42 24 21 65 
70 83 44 82 45 52 
67 77 21 79 28 16 
1 9 2 89 58 78 
91 8 28 70 55 57 
56 4 94 83 88 14 
45 2 68 92 92 27 
68 59 21 35 6 0 
9 55 92 41 87 85 
74 5 40 99 55 73 
90 95 88 56 8 30 
12 13 70 82 97 52 
53 85 36 100 82 92 
73 95 81 75 82 73 
9 20 66 93 43 37 
7 73 95 28 22 84 
11 32 74 79 59 9 
77 90 60 25 7 32 
18 99 49 28 20 73 
31 93 90 40 58 83 
92 54 81 97 41 45 
56 42 30 89 24 2 
67 8 78 34 86 92 
11 43 85 88 86 91 
23 63 8 9 0 34 
66 46 85 99 84 47 
12 86 63 69 16 79 
37 2 66 99 68 34 
76 10 89 30 50 83 
87 41 39 13 7 83 
50 41 67 37 74 74 
56 17 90 57 16 49 
9 81 78 15 9 88 
51 100 32 56 22 100 
7 43 78 46 57 97 
34 70 82 88 22 10 
82 83 59 29 94 63 
11 49 36 77 53 15 
11 91 32 70 88 60 
3 75 59 100 59 28 
6 84 43 65 77 35 
6 55 34 0 84 28 
94 20 28 65 99 35 
87 76 4 32 61 26 
83 8 79 71 37 40 
80 96 47 9 44 37 
54 92 75 50 33 92 
55 98 63 39 64 44 
66 22 89 90 100 78 
21 72 99 15 63 53 
40 81 37 2 32 82 
7 8 88 61 12 51 
64 7 18 100 79 18 
68 22 91 68 1 5 
66 13 62 94 53 1 
14 95 93 62 32 13 
96 5 89 3 41 16 
88 48 39 90 34 92 
66 84 0 3 61 24 
21 56 15 24 6 85 
37 64 91 12 49 49 
76 49 7 77 80 87 
43 16 23 99 6 61 
74 47 34 77 72 70 
19 41 61 46 1 82 
36 1 41 45 52 68 
22 69 84 49 25 9 
92 9 49 22 6 91 
47 67 24 4 9 77 
80 31 64 51 93 84 
1 67 27 13 13 46 
11 29 72 11 64 60 
82 55 90 54 53 24 
84 98 67 55 99 56 
89 50 3 41 46 28 
3 0 17 91 90 35 
22 25 54 92 81 77 
78 26 4 17 24 19 
98 37 48 65 78 69 
73 68 51 96 87 27 
81 76 16 17 13 75 
78 18 73 42 57 15 
29 2 89 11 8 12 
24 83 82 61 45 18 
65 93 59 31 38 15 
72 84 27 3 74 11 
28 7 74 37 11 100 
83 32 47 10 99 66 
18 53 66 43 87 51 
30 45 84 33 82 52 
53 79 22 56 14 79 
13 87 85 94 61 17 
0 96 41 92 58 54 
86 2 2 54 3 90 
72 65 84 92 23 44 
34 95 68 3 98 68 
25 94 17 24 54 46 
10 31 62 14 99 96 
95 68 78 42 51 94 
50 99 46 27 15 30 
78 89 58 29 49 89 
90 54 74 72 35 83 
69 62 86 79 100 5 
40 59 6 74 67 99 
52 35 88 12 94 93 
65 54 52 15 39 61 
59 56 64 4 46 29 
3 47 26 20 28 85 
99 20 24 91 96 0 
11 52 98 78 27 99 
60 32 56 8 25 3 
58 25 16 18 44 52 
97 18 15 22 11 75 
17 79 51 91 75 37 
2 64 15 48 19 79 
33 31 3 2 25 6 
31 57 25 91 100 35 
78 89 45 58 92 24 
28 22 93 83 76 92 
68 87 60 39 75 100 
81 68 55 50 58 41 
33 96 43 85 44 29 
40 30 36 63 15 20 
75 27 4 77 100 4 
55 8 45 74 84 28 
21 90 41 11 0 52 
38 89 33 15 96 76 
19 60 68 64 86 92 
52 57 82 62 24 21 
68 40 37 4 100 37 
86 44 47 93 76 82 
81 34 4 32 92 24 
89 20 69 94 52 53 
8 88 94 27 70 10 
49 35 9 51 14 52 
49 71 27 42 8 51 
37 23 64 20 55 76 
19 38 37 91 77 34 
81 54 1 4 78 69 
58 67 44 28 69 40 
30 93 72 66 54 81 
51 5 47 65 56 35 
92 52 52 0 68 28 
64 2 87 47 73 37 
78 53 1 70 12 49 
55 23 18 59 36 37 
26 58 73 87 31 13 
45 81 37 23 47 35 
59 50 40 54 46 16 
29 10 21 50 31 44 
65 82 56 79 34 18 
4 43 79 54 50 82 
23 3 26 80 91 89 
74 27 44 53 30 76 
53 60 95 16 72 20 
76 94 28 34 9 93 
57 100 83 53 2 80 
89 57 15 63 25 40 
12 99 15 22 58 98 
38 68 0 78 46 75 
84 25 8 95 61 89 
69 12 1 73 52 72 
90 43 42 93 95 58 
85 95 18 96 94 89 
57 1 92 55 49 79 
27 90 32 53 97 22 
20 7 11 97 10 44 
30 25 43 95 2 37 
90 17 3 96 34 80 
53 84 15 71 26 67 
50 16 54 92 22 40 
18 75 54 50 13 4 
49 44 16 52 89 39 
35 67 50 81 50 17 
48 44 34 99 86 35 
24 25 54 78 89 28 
78 0 14 64 19 90 
57 13 33 18 7 83 
2 96 91 34 1 43 
63 12 99 34 82 24 
59 65 54 65 84 56 
3 36 84 7 29 62 
54 69 9 46 53 69 
10 60 49 47 58 25 
78 86 51 1 6 61 
29 15 71 17 85 50 
52 52 75 22 70 47 
94 82 25 65 55 2 
36 84 48 61 58 92 
72 68 96 32 57 11 
76 92 73 96 29 10 
87 55 63 87 6 54 
86 27 33 64 46 14 
0 40 32 36 65 13 
32 67 97 42 53 36 
36 95 22 12 83 49 
43 42 74 82 41 52 
41 44 39 42 100 71 
9 6 81 49 57 68 
25 84 81 59 78 100 
39 24 93 10 83 72 
4 79 94 73 30 19 
70 46 12 30 30 68 
75 84 94 96 57 44 
2 1 30 5 54 71 
31 7 3 28 73 12 
69 78 62 36 81 24 
96 100 60 64 53 73 
69 76 85 92 2 99 
15 2 75 64 40 0 
96 2 68 70 77 45 
32 95 90 23 29 16 
41 3 74 65 19 19 
57 77 75 43 72 83 
50 59 23 98 97 60 
6 52 52 73 17 1 
79 13 69 46 70 93 
86 89 82 26 20 4 
35 34 59 72 58 94 
17 95 79 24 98 83 
51 20 86 79 56 50 
68 69 3 9 76 86 
71 52 77 12 58 42 
66 20 12 62 26 99 
36 16 46 90 16 4 
37 81 2 60 96 87 
84 19 32 96 0 11 
77 48 84 89 13 54 
83 64 27 87 44 79 
6 30 8 25 71 39 
7 37 59 5 6 36 
8 12 45 8 66 37 
89 8 33 88 42 99 
40 21 36 24 74 44 
13 72 81 31 96 23 
2 24 13 41 87 39 
61 66 17 80 74 80 
69 30 35 70 19 100 
53 56 42 22 4 47 
15 68 78 76 26 98 
11 63 100 99 92 11 
46 95 79 32 64 77 
54 32 76 47 25 90 
36 2 11 0 57 81 
72 48 15 41 67 56 
18 68 29 55 57 61 
73 84 65 1 83 52 
56 9 25 53 13 5 
84 51 12 78 21 18 
72 39 64 71 10 84 
45 16 88 35 44 1 
81 56 56 43 65 61 
32 62 33 63 56 49 
75 13 9 6 53 65 
76 14 52 41 83 5 
68 50 86 43 97 72 
80 25 29 47 24 87 
79 15 77 8 100 88 
37 61 91 78 3 56 
19 73 8 57 65 68 
77 57 0 85 34 37 
87 38 8 34 20 18 
49 37 16 90 3 29 
31 67 89 100 70 88 
77 100 11 24 40 96 
17 84 76 80 1 64 
58 38 68 15 1 44 
8 77 84 68 49 7 
85 64 55 16 58 10 
36 50 42 10 37 2 
8 82 26 36 98 96 
82 93 89 90 71 75 
71 72 68 65 25 41 
83 4 83 60 73 67 
53 69 3 56 2 26 
12 26 90 8 60 37 
95 13 13 70 48 81 
85 0 94 87 52 50 
92 83 76 41 21 95 
66 81 89 10 25 26 
43 83 24 48 88 15 
98 37 89 60 82 3 
78 43 79 5 96 73 
62 11 71 25 8 97 
44 28 42 83 42 24 
4 37 66 43 73 51 
7 70 20 12 62 72 
28 17 80 81 7 54 
54 98 19 33 75 72 
98 16 62 14 68 63 
35 38 99 63 94 49 
85 8 66 83 49 4 
72 25 68 78 61 33 
32 77 84 72 34 94 
0 85 3 54 90 16 
31 80 80 16 93 10 
85 3 74 32 12 36 
14 27 83 52 40 17 
78 15 70 13 64 90 
67 69 57 62 40 43 
90 19 52 48 95 4 
87 98 71 34 56 38 
49 48 81 58 96 17 
92 71 80 30 79 37 
91 71 68 98 21 100 
42 79 53 11 79 27 
40 77 86 32 56 79 
9 62 56 93 75 30 
99 8 49 17 65 3 
64 53 89 18 67 45 
89 48 37 87 85 0 
31 39 55 4 29 68 
98 80 28 57 20 25 
23 30 2 82 8 56 
63 94 85 93 79 73 
79 82 29 65 39 56 
19 73 57 42 9 55 
97 27 36 31 87 64 
18 32 76 86 14 61 
27 13 71 65 77 5 
83 5 67 26 20 17 
99 50 99 10 97 84 
40 25 97 40 90 72 
51 58 78 82 43 64 
5 6 64 12 68 79 
76 24 84 58 86 1 
69 7 97 32 13 15 
87 52 3 31 0 86 
92 60 52 7 17 73 
19 57 2 40 71 45 
14 32 24 90 4 54 
21 4 74 80 80 39 
70 71 100 2 34 90 
21 99 88 16 73 13 
69 8 4 66 83 100 
58 12 7 19 26 34 
39 83 7 71 98 88 
8 33 78 54 100 45 
79 40 84 75 6 53 
53 53 44 36 46 91 
43 93 23 9 98 82 
97 13 34 71 49 19 
92 25 92 70 12 83 
42 95 54 41 38 50 
54 39 86 0 68 68 
22 91 80 55 59 21 
6 49 22 90 20 9 
3 10 45 40 42 80 
28 21 36 94 35 95 
87 54 62 41 15 87 
64 28 37 51 86 77 
77 23 67 9 37 75 
29 70 96 92 85 23 
51 39 87 76 57 27 
87 70 83 82 55 12 
18 24 72 61 96 38 
73 81 23 56 33 43 
26 84 56 52 32 70 
76 37 7 98 23 16 
52 12 1 2 53 90 
83 67 8 92 90 55 
92 68 0 89 66 66 
3 26 65 21 26 49 
5 98 98 75 31 90 
66 5 88 18 52 73 
81 60 29 78 12 23 
86 14 56 60 41 73 
24 84 5 28 44 81 
65 12 87 13 23 95 
91 21 27 5 33 71 
99 37 94 3 6 3 
66 85 92 3 8 33 
6 3 86 55 75 34 
22 6 100 45 1 76 
38 27 47 82 10 40 
77 37 44 18 57 49 
73 96 36 23 64 56 
34 83 16 4 60 68 
89 0 12 47 91 57 
7 92 36 23 30 84 
51 69 82 32 88 64 
53 85 4 71 63 73 
42 86 76 47 42 86 
26 51 10 54 81 70 
64 89 86 5 58 98 
10 94 44 38 43 12 
22 23 55 43 72 100 
65 8 50 71 58 23 
100 99 16 54 84 40 
99 74 31 11 23 70 
65 37 69 82 68 33 
75 97 89 80 80 48 
34 44 82 55 52 91 
36 29 27 18 20 76 
31 29 52 22 66 12 
0 26 57 99 23 31 
41 78 11 78 20 74 
14 72 36 82 29 3 
49 51 56 76 42 33 
16 58 4 31 11 44 
61 51 14 51 70 84 
54 52 67 2 44 45 
4 15 25 29 69 5 
96 20 76 23 12 42 
41 59 19 55 51 42 
11 75 45 42 64 22 
71 10 79 47 84 72 
94 12 82 12 18 52 
30 96 87 65 95 52 
62 23 72 34 95 16 
87 68 18 41 80 68 
7 91 66 47 26 0 
50 29 84 56 63 22 
21 77 82 44 24 25 
43 36 88 100 19 51 
6 96 76 44 94 61 
100 38 14 77 40 71 
19 30 20 52 94 93 
17 92 38 4 59 85 
88 2 30 52 82 4 
71 19 41 16 51 18 
78 52 53 95 64 25 
54 73 93 81 22 85 
54 8 13 51 49 63 
18 95 88 53 50 47 
43 78 68 97 24 18 
90 1 22 41 44 29 
49 21 80 98 17 80 
3 91 57 50 0 59 
83 93 7 47 54 98 
100 90 56 9 65 44 
19 63 5 3 76 77 
17 18 2 77 92 59 
92 93 95 70 2 51 
42 69 22 85 2 74 
30 52 95 17 17 40 
45 51 62 19 90 10 
14 9 44 92 33 3 
43 67 39 76 5 77 
1 78 47 32 26 16 
80 49 21 100 59 53 
20 85 83 9 16 69 
3 18 21 59 43 43 
12 3 79 55 37 95 
16 80 73 55 26 57 
99 29 59 0 15 4 
5 39 17 97 71 48 
78 77 32 89 47 42 
45 79 9 19 3 93 
89 45 12 83 77 62 
93 52 19 79 4 59 
72 99 65 60 28 87 
36 47 32 52 50 12 
73 15 34 77 12 28 
78 71 94 37 40 99 
48 83 78 10 23 68 
89 37 10 82 95 53 
38 28 34 80 27 36 
87 44 23 73 98 15 
68 36 42 63 83 74 
6 57 16 66 93 28 
19 59 65 7 23 84 
83 15 0 12 95 39 
2 1 80 53 65 83 
1 30 71 55 54 58 
86 40 83 90 84 65 
49 96 84 87 51 28 
85 4 25 85 50 23 
9 5 59 5 78 57 
68 9 39 55 40 41 
34 49 15 45 41 82 
37 72 19 74 41 85 
29 28 100 51 1 16 
85 96 61 11 67 48 
49 47 61 100 41 37 
99 68 68 22 40 37 
93 12 49 65 30 61 
90 81 10 57 57 21 
21 92 31 56 93 4 
12 0 69 4 40 80 
57 22 68 34 49 16 
48 9 5 58 98 66 
66 21 75 34 43 7 
10 56 14 56 5 51 
88 32 57 4 100 87 
96 71 27 24 44 41 
8 44 52 35 65 66 
32 81 27 7 58 23 
19 36 64 67 13 13 
16 98 13 89 82 84 
7 99 1 94 89 54 
26 82 39 54 6 51 
25 11 37 26 95 99 
43 19 8 73 3 89 
85 20 2 6 26 36 
41 63 7 5 95 69 
0 42 37 3 46 91 
40 74 93 68 66 13 
28 51 42 93 75 35 
49 81 65 59 92 53 
72 49 6 7 19 87 
58 21 82 67 21 23 
15 31 95 90 91 24 
39 47 16 61 84 31 
84 50 22 58 49 25 
15 79 55 16 57 64 
18 42 52 86 8 29 
93 49 80 84 48 92 
13 92 61 96 94 75 
4 58 58 34 42 19 
25 84 29 10 3 25 
40 49 49 23 78 22 
47 39 39 4 42 0 
30 27 22 27 35 39 
84 88 98 39 50 50 
49 78 59 45 65 60 
1 90 19 83 75 41 
12 41 5 83 71 60 
7 15 34 36 7 58 
26 89 21 12 89 100 
22 98 42 56 48 13 
82 1 41 8 87 80 
27 73 7 73 72 95 
50 72 19 52 89 16 
35 100 65 73 7 75 
74 87 17 17 100 73 
85 82 74 57 71 65 
31 25 74 23 71 22 
5 30 11 21 54 17 
2 40 37 30 0 63 
12 4 13 18 82 98 
1 82 16 82 48 33 
7 1 5 94 81 54 
61 74 68 88 25 98 
33 66 21 9 19 42 
88 94 65 46 33 29 
58 54 43 37 6 6 
19 66 61 63 36 74 
49 62 35 23 63 95 
46 68 51 22 23 82 
66 64 13 65 67 20 
48 95 83 50 47 27 
24 79 37 87 95 24 
82 77 39 1 67 26 
32 30 45 90 98 84 
78 77 98 97 1 80 
3 27 63 0 80 87 
65 90 93 27 88 59 
88 92 69 56 36 32 
18 56 84 42 96 32 
26 54 53 63 23 26 
85 75 21 7 57 76 
84 33 42 56 34 33 
49 71 8 42 68 46 
3 71 54 50 99 97 
9 74 1 39 81 84 
46 3 54 16 76 21 
17 23 74 81 58 81 
50 33 34 81 54 51 
86 31 18 59 41 75 
7 83 89 43 12 2 
14 20 98 51 20 82 
100 71 80 57 46 22 
12 80 0 30 24 10 
66 86 98 64 70 46 
35 21 36 50 88 52 
39 67 7 73 19 72 
63 34 28 32 42 52 
53 10 86 79 45 83 
8 22 77 12 81 9 
31 11 88 79 48 98 
20 93 32 50 64 52 
4 93 35 51 59 74 
25 3 43 59 17 8 
67 70 2 75 41 92 
77 76 46 91 44 13 
96 65 52 43 37 52 
100 83 36 82 32 9 
75 69 74 44 90 48 
53 22 91 27 4 87 
30 0 1 89 76 30 
11 7 14 19 85 4 
85 44 76 95 55 70 
92 23 29 9 35 24 
29 3 59 26 39 24 
34 67 18 8 54 50 
73 64 34 78 41 5 
38 77 67 66 33 19 
54 10 26 29 66 52 
9 50 79 58 5 96 
96 48 14 54 39 87 
38 82 67 55 72 16 
10 75 47 45 94 54 
41 72 59 56 70 24 
14 8 24 3 31 82 
14 24 56 78 65 68 
40 35 13 65 24 1 
0 34 53 99 81 28 
3 89 85 83 76 7 
38 53 23 88 7 1 
10 21 60 71 7 34 
15 62 2 22 73 14 
14 22 21 19 34 86 
60 99 32 69 39 84 
18 72 54 54 88 37 
11 10 65 23 65 82 
42 18 54 19 68 67 
13 76 73 20 10 73 
37 98 70 17 31 37 
93 81 89 65 44 83 
5 9 88 48 27 56 
90 10 90 32 72 25 
9 77 83 34 74 39 
18 90 10 89 34 0 
1 30 92 80 5 70 
89 41 10 97 22 62 
86 66 9 46 58 34 
70 40 40 94 92 4 
53 18 63 89 91 64 
30 74 12 17 19 49 
96 54 81 55 64 75 
75 79 15 19 96 36 
62 7 34 85 46 22 
37 12 70 61 29 7 
47 14 71 9 74 63 
19 13 62 2 76 37 
57 84 39 50 6 25 
77 88 83 63 4 45 
66 88 36 43 65 32 
1 49 93 84 82 93 
66 76 53 1 0 44 
99 84 53 66 65 84 
91 7 66 98 25 41 
36 68 53 5 46 72 
9 50 19 61 19 72 
17 15 31 24 80 3 
75 11 73 65 51 77 
19 99 24 45 90 24 
27 10 75 65 44 60 
89 57 12 52 78 43 
32 46 94 37 49 30 
4 20 74 39 41 75 
14 64 82 23 1 56 
42 59 36 53 100 15 
52 94 54 40 5 64 
82 36 44 89 30 16 
68 88 98 27 86 30 
99 30 44 0 57 30 
14 47 30 16 4 76 
57 60 6 17 44 9 
36 27 65 74 64 82 
56 11 44 92 28 3 
44 81 30 59 47 7 
28 11 65 8 97 76 
86 53 50 29 32 18 
65 12 22 77 28 78 
19 72 81 5 7 12 
71 67 24 90 10 66 
56 64 61 78 99 15 
81 47 92 3 100 23 
8 13 11 98 40 85 
21 42 88 53 29 88 
19 47 71 48 66 98 
1 88 98 11 81 92 
99 57 0 24 89 21 
61 52 68 2 47 89 
14 12 76 98 43 70 
92 65 41 7 49 45 
45 69 12 16 28 13 
95 41 26 68 25 85 
74 32 18 40 10 8 
55 52 39 14 3 12 
76 20 33 83 52 41 
24 33 36 1 2 67 
93 6 66 93 17 44 
46 18 96 48 34 35 
55 36 71 98 12 5 
24 37 17 93 4 80 
18 85 3 100 63 42 
55 9 13 39 82 59 
64 7 28 80 84 30 
24 0 100 52 81 10 
55 72 52 41 14 64 
13 10 13 86 83 38 
77 57 97 42 57 60 
45 83 17 41 65 28 
52 22 14 44 34 64 
39 22 52 19 29 4 
77 44 31 53 95 17 
69 12 36 43 76 87 
32 61 2 5 73 57 
16 43 90 66 1 73 
95 19 4 59 49 84 
9 97 45 84 40 89 
78 79 74 28 52 4 
49 19 5 45 54 5 
28 50 16 88 70 14 
3 5 53 14 89 100 
0 72 87 95 42 66 
65 23 66 15 56 98 
34 23 82 44 63 36 
25 99 67 4 66 33 
92 48 51 7 17 72 
10 32 22 47 64 70 
78 65 12 3 26 19 
70 39 97 37 91 91 
13 98 79 34 7 44 
98 56 28 25 91 37 
57 22 82 42 68 79 
32 50 79 7 6 60 
8 51 96 60 15 73 
80 21 73 71 51 51 
3 79 58 58 51 50 
82 92 46 19 89 70 
66 47 21 52 72 0 
11 80 6 90 15 64 
6 99 58 46 27 72 
51 36 88 40 84 19 
80 32 81 66 89 6 
49 100 29 88 10 22 
1 99 39 6 71 11 
55 88 40 58 8 50 
79 3 48 84 77 58 
99 59 47 36 74 87 
97 64 71 7 16 89 
36 57 78 33 92 40 
27 29 81 6 66 12 
17 82 70 79 80 36 
81 63 56 6 76 9 
86 98 42 49 48 69 
35 85 85 89 65 30 
61 81 87 11 0 23 
52 59 78 44 5 35 
35 84 95 31 55 42 
11 96 90 78 15 13 
62 55 92 48 73 9 
46 4 77 91 68 13 
3 100 95 30 19 69 
50 31 94 13 52 24 
16 31 25 91 27 36 
89 62 43 75 85 64 
93 73 49 90 1 15 
42 31 24 54 90 62 
49 52 37 78 84 3 
13 82 39 94 60 73 
76 96 77 19 40 66 
93 78 33 56 21 4 
83 41 84 16 52 10 
95 80 23 0 22 1 
80 5 55 98 81 26 
24 86 71 88 36 17 
65 12 95 98 4 52 
7 62 92 8 52 18 
44 61 39 24 41 83 
68 30 67 70 15 31 
32 76 15 78 93 76 
98 27 61 52 78 93 
51 64 3 17 12 95 
9 100 41 29 51 3 
89 46 32 54 57 52 
89 21 76 78 64 29 
70 35 29 42 42 76 
17 3 83 66 75 59 
7 36 36 85 76 10 
91 4 68 55 42 6 
52 22 0 89 63 94 
22 72 21 36 93 60 
26 52 66 90 3 17 
68 5 51 48 45 90 
5 7 96 57 53 8 
57 74 22 36 8 32 
95 76 40 85 88 81 
68 36 35 63 66 76 
64 68 97 58 7 31 
63 46 62 28 81 78 
45 2 94 2 20 16 
53 69 68 73 8 18 
80 43 90 65 71 95 
78 86 33 44 18 93 
90 21 35 45 1 32 
50 44 7 97 7 76 
2 72 66 90 59 1 
89 0 7 58 65 64 
43 11 30 12 87 69 
31 42 93 77 45 39 
69 80 40 63 50 74 
40 42 50 88 42 22 
80 62 83 75 78 84 
8 44 29 75 89 88 
42 83 63 54 18 49 
25 24 29 54 30 40 
96 22 78 21 52 89 
50 25 69 29 97 9 
25 17 33 72 1 79 
67 39 100 87 12 76 
16 94 2 89 84 75 
49 65 5 18 88 76 
38 22 66 57 47 52 
65 15 78 80 63 7 
0 78 26 60 16 57 
94 6 36 23 45 38 
62 37 74 67 88 62 
78 18 5 97 13 40 
7 82 70 87 57 48 
14 65 2 82 99 1 
45 72 11 69 66 74 
99 67 28 12 26 95 
94 43 99 63 18 84 
15 72 68 11 99 6 
94 10 22 46 84 1 
88 39 64 5 69 56 
2 54 23 47 58 61 
77 45 65 34 81 60 
94 56 52 95 53 62 
98 60 89 41 23 64 
44 5 94 58 78 0 
88 52 29 45 37 94 
71 15 36 78 57 65 
22 6 47 34 90 79 
20 72 74 61 50 69 
95 64 86 52 85 48 
23 40 83 16 53 63 
56 38 58 6 29 55 
95 55 41 41 85 29 
84 30 40 11 9 99 
22 8 46 31 52 21 
20 53 81 79 42 64 
58 96 57 19 34 62 
86 42 4 100 92 12 
49 43 65 1 81 84 
39 55 23 86 25 6 
14 14 66 6 5 55 
22 65 26 88 0 100 
23 9 61 33 50 92 
100 61 28 54 47 37 
92 32 45 39 51 78 
19 50 39 79 78 100 
15 5 42 37 96 90 
30 96 99 62 28 80 
87 15 81 92 23 26 
43 64 97 58 5 79 
20 32 88 15 69 12 
27 57 53 50 7 69 
59 13 99 71 38 73 
62 73 90 41 14 86 
31 38 59 83 96 7 
59 90 54 42 67 70 
88 66 41 17 12 64 
15 99 35 98 72 64 
60 52 100 0 100 89 
31 40 95 64 100 74 
40 28 8 73 42 72 
92 75 85 91 100 73 
20 83 86 33 62 35 
23 67 75 38 41 67 
31 22 47 97 43 81 
13 67 2 15 20 95 
93 34 66 92 2 74 
51 63 84 24 15 25 
8 31 11 10 78 69 
40 10 68 62 40 57 
21 15 56 26 11 14 
92 77 84 10 92 19 
61 96 7 92 7 9 
36 44 76 13 56 58 
35 81 21 43 16 29 
23 100 0 69 34 78 
23 79 62 52 19 34 
100 11 78 99 87 96 
14 15 51 33 67 94 
93 17 58 35 26 89 
69 24 20 17 19 22 
57 72 11 31 27 81 
83 40 82 78 77 27 
98 33 12 79 100 53 
49 83 30 91 88 44 
97 60 100 46 21 84 
15 11 43 42 99 87 
60 51 44 77 93 62 
87 56 53 83 74 32 
73 23 1 46 68 9 
98 10 98 46 84 26 
36 11 57 45 9 89 
69 0 41 2 9 1 
44 98 49 39 76 57 
96 18 31 43 71 43 
99 55 77 93 29 81 
40 16 13 64 83 96 
63 75 46 63 3 2 
43 94 66 46 23 31 
8 98 29 37 1 60 
2 59 32 40 25 82 
78 100 94 65 10 49 
39 70 36 45 1 71 
90 9 88 64 41 10 
61 40 95 93 51 14 
72 75 68 26 19 29 
10 58 53 36 43 13 
34 27 95 24 93 30 
94 37 61 31 34 41 
0 51 61 74 100 33 
73 69 69 63 78 20 
55 52 25 77 18 64 
10 16 17 53 99 39 
9 59 36 100 46 44 
98 93 9 38 8 68 
38 98 58 20 65 15 
6 69 100 38 65 9 
56 81 9 61 89 35 
27 82 44 47 24 93 
24 16 44 25 19 55 
16 28 73 54 51 71 
70 52 28 56 49 41 
88 54 72 9 21 34 
5 27 70 86 23 72 
31 86 60 12 6 94 
33 40 78 2 51 0 
45 53 22 28 38 25 
26 61 13 21 24 68 
40 55 29 28 90 75 
52 87 29 70 54 27 
43 72 77 48 55 26 
94 87 24 28 87 52 
42 59 14 28 31 90 
52 86 42 77 22 37 
92 45 58 78 70 56 
30 58 93 86 74 88 
8 8 52 97 73 37 
24 81 14 19 2 19 
85 5 6 12 25 53 
63 35 60 70 46 65 
92 83 82 51 55 71 
26 87 36 71 50 95 
23 9 61 45 0 78 
22 46 52 70 26 5 
77 98 4 99 41 3 
23 71 73 70 69 28 
49 91 84 30 85 26 
79 73 16 64 49 31 
52 78 64 82 40 57 
41 16 1 41 53 50 
24 90 100 2 9 18 
29 89 10 79 25 25 
10 89 44 35 77 97 
48 27 13 51 84 70 
51 30 51 79 4 51 
7 41 98 63 34 24 
71 40 72 74 65 38 
44 36 42 88 52 69 
23 15 92 64 79 1 
74 53 78 0 
