100
69 21 38 81 28 77 58 4 91 5 48 35 69 63 26 6 11 40 36 47 62 51 66 29 7 31 42 6 83 78 86 1 13 64 41 16 58 61 52 99 44 10 10 54 35 69 47 28 28 70 85 58 50 33 26 20 7 50 2 49 83 96 48 84 38 81 32 99 95 97 4 87 74 73 94 34 57 94 26 74 39 3 67 62 63 26 92 24 82 51 77 62  39 7 5 48 30 59 83
0 14 87 35 28 52 
7 62 85 62 94 48 
47 22 1 5 25 77 
26 50 96 61 27 92 
71 66 22 19 64 41 
30 18 66 30 37 38 
82 26 98 36 46 72 
90 5 76 62 25 25 
63 86 29 44 71 70 
1 29 53 45 52 86 
25 19 51 96 42 62 
58 56 99 88 99 96 
88 48 32 31 70 14 
78 33 58 60 72 95 
82 34 76 41 45 24 
55 82 24 3 16 64 
26 61 37 99 14 0 
61 12 78 32 48 87 
92 44 90 84 52 21 
62 9 85 11 39 63 
41 93 90 8 92 73 
1 85 86 37 23 1 
46 69 12 48 40 85 
71 3 25 62 55 51 
72 26 38 69 84 93 
14 41 17 99 38 22 
13 26 55 30 53 76 
51 75 40 70 52 14 
25 39 15 35 72 97 
44 64 99 33 55 95 
66 43 40 23 60 16 
49 17 48 2 45 74 
43 91 33 2 61 100 
41 1 87 61 0 4 
28 43 42 56 60 95 
46 25 75 93 64 14 
58 5 38 60 52 94 
63 15 60 88 23 19 
35 6 20 35 54 1 
74 87 30 31 6 87 
58 6 89 80 29 42 
76 96 30 61 84 41 
58 52 53 14 56 61 
58 75 12 12 89 69 
24 11 66 14 72 62 
30 57 95 33 61 26 
22 1 54 63 52 16 
31 64 36 10 100 30 
42 2 31 43 70 6 
92 59 1 10 86 62 
35 12 4 0 28 29 
41 43 73 93 97 62 
25 77 39 51 11 39 
24 21 31 68 41 34 
67 6 65 86 5 50 
32 82 69 95 12 41 
17 35 84 9 89 61 
8 18 59 87 98 81 
91 58 77 40 37 32 
35 79 78 28 54 3 
60 15 37 1 13 26 
95 97 7 93 29 99 
37 72 74 61 89 60 
16 57 74 60 76 84 
94 20 61 3 18 84 
67 28 24 85 54 62 
11 18 57 8 28 78 
28 28 0 10 23 68 
44 10 22 49 92 28 
30 5 68 38 92 81 
48 91 56 22 29 27 
47 42 29 34 49 52 
98 41 48 93 89 89 
55 13 59 95 63 58 
44 36 44 93 88 58 
61 21 64 60 77 40 
65 41 51 91 7 74 
8 25 24 76 53 69 
88 50 32 98 44 79 
9 98 88 21 57 34 
76 7 31 99 97 83 
27 63 1 96 88 95 
99 73 72 85 39 86 
26 23 52 32 43 29 
10 0 87 48 1 81 
82 43 32 37 27 35 
32 3 72 53 28 89 
47 87 61 56 14 20 
11 10 75 9 59 67 
29 40 24 67 3 84 
21 39 41 66 64 16 
98 80 44 95 4 62 
36 38 48 49 41 11 
64 42 32 62 41 6 
97 31 62 1 59 81 
87 7 62 74 74 24 
97 47 75 3 76 30 
83 96 98 62 69 88 
42 38 95 87 21 50 
37 34 26 53 92 30 
7 48 42 41 23 87 
0 6 20 25 11 100 
7 17 91 81 15 64 
97 20 47 4 16 18 
53 11 74 45 70 37 
74 9 44 35 12 91 
37 56 86 96 9 37 
40 22 83 92 35 27 
76 6 5 77 9 47 
77 58 71 13 23 42 
62 2 23 85 85 45 
3 50 4 75 22 22 
45 78 80 25 67 4 
24 3 58 76 15 60 
99 76 34 39 50 45 
96 34 92 89 49 99 
89 10 20 68 62 87 
56 43 68 48 6 0 
100 57 92 35 100 35 
69 15 48 43 21 38 
62 85 60 88 24 39 
35 43 96 14 2 31 
57 80 63 60 41 5 
21 21 91 91 43 46 
13 33 88 6 35 83 
86 21 58 76 24 92 
10 70 29 10 86 61 
98 54 80 40 75 33 
98 43 11 92 67 54 
22 26 98 28 68 23 
60 83 77 99 91 28 
35 11 8 86 59 41 
69 59 87 31 1 22 
89 49 85 92 60 73 
44 1 20 100 0 92 
69 43 77 37 4 69 
3 41 12 84 1 76 
86 47 79 76 54 68 
94 90 87 65 94 67 
18 18 1 87 60 9 
91 22 63 14 78 34 
86 26 67 98 13 60 
82 59 20 47 27 100 
2 45 98 47 62 86 
88 71 81 88 12 22 
73 33 8 62 41 71 
9 12 27 27 66 97 
89 66 18 5 95 26 
70 24 53 37 92 97 
79 57 100 48 26 40 
62 44 95 93 10 81 
25 57 92 0 21 16 
66 58 3 58 51 8 
91 48 40 5 9 41 
37 19 73 35 9 27 
91 78 23 59 52 75 
93 8 70 33 66 65 
95 98 28 78 43 27 
75 63 56 39 22 92 
60 1 86 82 16 88 
43 93 36 66 63 74 
64 40 44 67 92 36 
46 1 10 20 30 81 
50 58 33 22 45 5 
54 12 49 23 100 67 
30 29 59 62 7 61 
57 93 23 74 94 90 
46 97 22 82 11 92 
69 21 0 56 61 24 
36 48 31 51 56 30 
56 8 12 75 20 8 
89 2 91 59 21 75 
31 4 41 10 70 70 
13 26 72 36 80 35 
11 80 86 87 86 13 
2 70 86 61 21 89 
37 5 53 17 48 37 
86 46 78 37 31 26 
48 45 38 21 14 16 
81 74 35 36 11 13 
45 1 75 75 50 10 
91 94 99 5 84 32 
100 86 76 79 61 38 
28 28 48 84 25 62 
49 43 100 35 43 16 
56 0 25 15 27 32 
71 86 24 51 51 26 
6 10 31 27 15 55 
28 17 97 47 81 86 
88 66 63 71 24 76 
76 27 82 17 28 20 
44 80 40 81 78 25 
70 44 39 95 17 15 
83 6 94 4 89 37 
4 36 96 23 47 16 
33 71 69 29 66 80 
80 63 22 23 65 42 
33 43 1 42 50 23 
22 98 62 5 17 49 
86 87 35 52 57 90 
47 52 75 25 92 32 
7 100 77 66 61 25 
0 59 2 80 34 32 
83 72 88 99 2 67 
51 37 21 1 34 53 
33 51 80 10 16 57 
17 68 93 81 56 89 
41 46 40 6 72 12 
71 5 34 19 97 4 
58 58 90 94 79 15 
12 27 89 25 88 94 
21 95 90 11 36 37 
36 27 18 56 27 89 
27 49 20 72 39 42 
47 6 9 45 100 22 
88 32 75 23 40 28 
3 33 73 25 22 21 
93 77 28 37 17 35 
37 58 24 15 59 0 
54 7 35 91 55 58 
9 6 94 5 29 81 
54 66 62 3 62 17 
92 50 75 51 26 30 
8 40 78 87 14 34 
42 18 27 15 9 51 
74 38 48 33 65 52 
97 73 81 67 78 82 
50 43 6 65 43 62 
84 7 76 70 52 2 
48 48 7 66 10 92 
34 95 89 67 80 97 
49 20 10 59 42 1 
71 83 5 89 8 58 
68 79 1 62 64 39 
30 27 91 69 4 3 
36 27 2 54 0 60 
86 31 6 72 43 62 
76 57 83 88 89 48 
76 29 96 58 83 41 
100 9 47 13 41 34 
32 4 56 14 65 47 
74 61 10 11 33 5 
53 50 65 90 6 30 
56 46 18 60 19 44 
92 19 77 91 14 6 
7 69 76 9 41 99 
95 11 68 7 44 34 
37 81 47 40 7 12 
94 91 39 83 14 81 
81 11 53 45 35 13 
5 9 14 51 5 35 
81 15 69 58 48 32 
80 7 60 0 13 66 
67 90 83 66 40 99 
31 27 26 22 74 5 
100 86 12 94 44 42 
25 8 82 75 33 24 
70 41 13 66 53 94 
65 70 34 16 46 6 
43 7 24 95 61 45 
11 15 99 67 6 9 
63 4 3 5 24 95 
13 57 23 24 41 14 
8 9 66 35 69 79 
76 43 40 79 1 50 
34 19 85 36 10 31 
61 16 97 34 25 85 
58 11 68 32 15 48 
3 51 31 71 34 35 
86 13 0 50 88 3 
77 66 82 23 60 29 
3 74 93 81 6 80 
19 8 77 15 26 57 
61 51 100 48 26 4 
42 77 80 29 77 13 
50 51 14 74 36 1 
59 92 36 21 44 48 
68 20 85 100 92 50 
22 62 32 65 53 75 
27 51 26 30 100 85 
87 60 66 100 58 92 
90 33 40 64 94 16 
14 79 37 92 36 29 
54 26 77 11 5 39 
38 3 64 43 41 8 
51 86 32 91 31 66 
50 0 98 56 1 78 
51 63 67 17 67 65 
11 40 28 78 95 78 
20 47 48 44 32 4 
49 24 18 54 64 43 
41 96 18 18 45 51 
40 36 77 30 55 64 
9 100 81 17 72 81 
84 8 72 36 50 5 
72 89 52 6 29 29 
34 69 77 24 20 98 
15 33 55 35 24 16 
89 52 54 26 14 84 
3 100 60 11 44 30 
26 39 38 24 92 72 
97 21 12 91 56 24 
83 55 6 67 88 98 
0 71 33 7 23 41 
20 80 27 69 11 31 
55 81 36 17 57 89 
15 94 84 46 36 65 
3 45 55 11 92 38 
7 25 72 17 93 95 
26 39 20 63 48 21 
59 99 57 6 99 21 
51 15 64 97 16 92 
72 64 66 47 94 97 
32 14 10 65 75 33 
96 100 45 51 59 30 
61 80 48 87 17 85 
51 56 15 45 50 63 
60 21 81 53 20 38 
84 48 30 51 72 58 
72 90 3 56 71 0 
17 54 20 74 7 32 
20 25 10 72 20 71 
32 72 25 94 1 98 
47 69 85 90 7 70 
61 11 45 93 51 9 
22 22 57 96 22 27 
91 9 42 21 58 57 
77 76 81 14 80 13 
14 74 19 67 43 15 
99 46 26 95 72 88 
57 28 14 26 11 61 
73 66 66 95 82 8 
42 79 45 79 64 19 
70 35 96 41 52 31 
48 28 47 62 1 40 
56 51 88 9 43 83 
77 1 33 17 0 85 
22 72 4 76 34 22 
2 22 72 53 14 23 
20 8 68 56 98 43 
95 73 50 60 96 11 
78 88 15 82 72 96 
40 15 45 39 26 23 
35 34 64 70 85 62 
97 100 52 91 96 13 
66 27 97 50 92 69 
28 62 1 93 5 36 
20 31 44 48 56 74 
59 21 68 63 92 41 
89 96 50 36 49 22 
61 93 94 68 91 89 
4 85 76 5 8 26 
99 6 62 66 66 78 
7 54 85 0 93 52 
32 39 45 32 99 75 
82 38 6 68 51 21 
68 22 93 79 77 53 
16 1 40 10 81 52 
43 75 69 75 96 32 
73 90 72 16 93 50 
8 13 70 31 60 43 
43 31 81 84 73 46 
39 75 95 95 18 48 
61 66 21 40 34 59 
37 26 88 89 73 18 
80 33 17 93 38 76 
38 70 54 55 27 90 
63 41 56 47 16 60 
86 9 12 6 2 94 
76 40 82 51 23 20 
22 93 0 83 8 1 
36 84 58 77 28 28 
22 95 95 2 54 10 
27 77 76 23 59 31 
25 29 4 81 95 68 
59 26 22 39 81 57 
54 28 82 62 46 27 
25 56 47 81 96 77 
100 47 13 78 32 95 
58 50 39 49 87 16 
71 75 10 18 96 42 
93 47 55 42 64 32 
100 95 6 48 11 52 
73 45 92 8 15 34 
22 87 18 88 47 41 
75 10 67 5 57 99 
23 63 41 74 72 52 
83 0 87 77 51 63 
10 61 88 45 87 31 
1 97 46 9 7 20 
9 87 70 54 15 62 
11 63 8 17 88 8 
76 76 78 15 42 20 
68 14 2 6 100 39 
13 52 61 58 15 53 
76 44 100 85 90 40 
11 44 95 35 76 10 
85 99 73 52 9 5 
16 78 92 72 70 54 
92 65 87 74 80 92 
71 92 60 67 29 61 
53 24 79 37 20 31 
51 29 83 31 60 67 
20 7 4 32 8 87 
0 46 27 87 13 31 
30 29 26 91 78 37 
34 34 78 9 46 5 
17 11 43 81 37 44 
38 49 61 8 67 98 
41 67 53 80 82 59 
60 85 2 56 93 76 
87 6 57 33 8 67 
31 50 40 76 65 31 
69 45 71 45 18 40 
95 59 84 29 53 28 
6 58 27 67 63 41 
80 59 30 16 66 73 
88 6 27 56 11 39 
76 19 8 27 37 81 
88 27 29 17 80 32 
76 39 1 77 46 0 
12 46 73 65 95 53 
27 43 19 82 28 11 
92 36 51 24 12 3 
16 69 64 74 21 96 
63 3 62 48 86 2 
99 28 14 67 29 4 
41 36 15 98 60 73 
56 56 80 72 20 47 
87 87 37 88 17 72 
82 32 31 43 31 39 
70 41 22 51 88 14 
16 82 29 88 78 72 
53 62 22 1 23 65 
47 14 74 35 54 73 
89 15 21 54 89 26 
3 67 27 20 34 45 
36 51 27 12 0 76 
89 71 74 18 40 100 
88 28 81 2 51 80 
72 99 58 86 73 49 
86 59 40 70 25 60 
96 80 74 24 47 73 
31 97 19 64 37 75 
82 42 5 58 45 69 
9 40 69 47 39 27 
5 1 15 8 97 2 
60 69 38 73 29 94 
47 3 84 12 49 15 
26 53 98 10 61 77 
19 85 19 86 42 20 
45 43 68 35 2 55 
1 66 48 22 74 65 
69 25 22 32 84 63 
87 46 76 0 68 28 
18 21 22 64 2 41 
89 63 79 96 71 39 
3 39 96 46 59 64 
47 36 47 98 80 42 
78 50 61 12 98 22 
39 47 20 15 79 46 
82 97 73 30 3 90 
59 43 57 46 57 99 
43 46 66 76 66 18 
10 19 3 97 90 67 
82 14 42 55 31 51 
33 2 38 49 64 86 
35 5 29 11 70 96 
94 9 91 28 34 62 
76 74 93 11 11 10 
2 99 58 10 13 73 
89 68 0 4 57 81 
89 2 86 49 54 4 
89 33 84 72 34 10 
17 33 82 83 61 51 
1 99 56 60 37 36 
91 25 49 50 34 24 
60 82 24 90 51 26 
10 17 33 50 57 77 
32 72 26 42 25 69 
42 57 50 60 39 69 
42 96 32 41 12 20 
77 75 13 42 65 61 
27 58 41 37 6 50 
34 10 37 14 90 27 
59 17 53 3 29 5 
81 40 31 72 22 75 
77 61 31 65 71 28 
4 0 44 73 7 90 
79 44 100 62 60 24 
1 88 74 69 59 94 
35 45 76 39 5 16 
26 71 83 92 48 75 
13 97 15 38 73 44 
47 19 99 79 78 17 
18 66 25 36 28 93 
85 54 3 61 3 69 
74 31 37 50 45 10 
59 62 4 28 25 79 
96 2 49 75 99 36 
30 23 20 32 49 75 
74 2 87 91 21 97 
33 62 96 100 6 28 
55 20 72 82 28 88 
30 95 74 18 57 44 
0 16 92 84 49 68 
82 6 82 90 15 85 
84 50 59 39 13 99 
23 38 59 99 57 10 
32 75 16 99 14 67 
67 95 18 74 67 26 
52 63 66 47 38 49 
73 7 82 99 56 36 
38 75 81 23 66 78 
89 35 32 95 6 50 
45 15 79 39 73 18 
42 96 51 100 18 1 
35 82 52 9 9 31 
65 78 75 47 51 17 
58 86 80 78 81 71 
53 38 28 45 29 53 
18 21 81 73 16 0 
1 22 7 45 47 80 
16 95 77 31 27 38 
34 44 57 67 55 19 
1 21 30 1 54 66 
64 17 95 27 38 31 
20 31 71 39 85 70 
77 1 47 40 13 28 
49 70 16 30 52 98 
24 36 54 2 88 91 
1 53 47 49 27 87 
1 52 27 65 32 39 
11 26 66 46 54 69 
98 59 44 57 94 23 
31 81 80 92 83 12 
19 95 36 32 14 6 
22 87 26 27 40 22 
89 7 92 1 0 25 
48 30 98 25 64 19 
64 82 94 69 59 41 
94 57 93 3 42 40 
68 27 88 57 95 95 
66 39 72 13 97 75 
25 75 85 19 90 47 
10 99 20 8 35 24 
100 18 36 22 60 21 
60 23 62 73 25 21 
58 9 60 21 80 14 
24 12 86 33 62 64 
30 69 1 95 41 67 
35 80 67 59 4 86 
10 50 41 94 8 78 
17 72 23 68 95 31 
91 43 100 64 2 90 
84 22 25 0 96 83 
73 99 48 94 33 28 
29 41 39 6 79 7 
36 98 47 26 81 1 
89 53 11 31 78 6 
62 2 40 26 11 12 
58 12 93 74 69 60 
57 90 14 69 14 16 
35 50 44 11 92 100 
14 28 13 58 77 28 
14 33 91 75 27 4 
49 7 75 83 37 12 
74 12 48 29 12 63 
18 52 41 88 16 75 
100 44 77 20 57 25 
20 51 95 1 78 19 
88 2 86 79 49 7 
48 96 0 44 28 12 
49 56 17 83 30 6 
3 20 62 44 5 28 
79 16 78 65 78 100 
65 93 11 24 6 94 
39 79 90 7 17 36 
10 14 25 66 9 21 
27 98 65 40 74 80 
18 42 21 14 73 86 
88 8 94 84 26 8 
18 100 23 85 99 72 
6 11 38 48 87 41 
93 40 91 60 18 75 
10 66 57 51 9 42 
15 47 89 94 8 21 
2 97 37 82 28 41 
49 44 68 45 30 83 
44 0 17 25 74 7 
67 76 33 1 50 6 
41 81 87 83 55 68 
84 32 85 13 62 10 
40 25 80 13 73 39 
67 48 15 49 93 1 
5 82 87 52 93 67 
50 41 39 58 44 60 
81 74 28 62 89 12 
14 57 82 91 9 9 
24 95 27 73 82 60 
82 40 30 17 89 24 
37 41 1 93 70 63 
17 26 47 25 26 48 
15 1 68 68 54 46 
34 28 81 89 54 100 
82 47 98 73 28 17 
0 27 9 48 80 62 
13 24 77 4 76 66 
9 20 38 72 59 68 
48 40 83 91 70 56 
56 66 74 37 92 7 
43 14 92 57 26 55 
73 82 85 16 49 99 
52 41 15 41 45 72 
89 16 72 2 94 32 
53 36 5 63 5 92 
55 32 14 93 26 85 
31 35 89 67 56 5 
87 8 70 71 68 30 
13 8 57 44 94 98 
56 22 10 9 34 11 
2 63 4 62 6 80 
25 99 12 25 27 0 
25 68 35 98 19 35 
50 29 37 68 19 7 
41 31 67 98 61 29 
22 58 92 72 68 71 
58 56 5 91 90 23 
3 70 75 90 33 75 
60 3 52 95 25 91 
37 27 39 11 47 38 
7 11 100 16 12 44 
38 77 68 48 90 60 
89 1 98 71 6 84 
55 3 86 21 60 70 
13 24 93 8 41 82 
61 32 84 47 98 93 
27 7 78 92 51 79 
89 60 82 16 64 48 
49 74 9 25 0 83 
69 92 1 24 3 20 
67 92 21 35 97 75 
87 41 97 92 53 96 
13 13 4 71 77 45 
47 23 91 82 44 31 
80 90 88 58 27 20 
21 10 5 32 82 21 
58 12 94 68 3 65 
73 27 35 80 73 72 
96 30 42 45 82 16 
36 3 87 9 13 84 
96 21 9 33 26 76 
81 40 34 75 51 4 
46 69 43 79 77 20 
9 36 80 96 33 24 
90 95 19 94 56 7 
48 68 83 0 12 75 
74 16 93 94 37 46 
90 25 92 94 26 74 
95 35 77 22 42 89 
4 37 21 29 95 2 
24 94 97 91 64 33 
55 67 91 15 24 52 
52 33 94 44 98 57 
75 18 77 41 88 91 
21 47 21 95 63 95 
63 32 81 97 46 25 
58 89 59 21 9 91 
91 66 72 76 56 78 
32 33 100 49 36 85 
95 77 76 9 46 51 
72 71 84 1 15 77 
64 33 17 67 80 35 
69 12 0 18 53 30 
86 84 37 39 99 94 
18 37 23 37 30 92 
61 19 10 17 37 100 
46 45 81 71 6 100 
27 95 18 84 59 84 
55 17 36 33 98 21 
40 86 15 4 66 47 
31 38 6 24 43 78 
38 7 45 16 93 74 
9 17 72 62 6 61 
95 39 37 91 22 65 
36 27 89 87 4 24 
48 24 65 90 73 53 
23 87 5 24 99 39 
72 88 85 31 82 28 
83 76 62 98 92 75 
18 0 79 27 98 46 
57 43 57 10 52 58 
50 36 69 54 98 11 
24 72 79 99 49 24 
44 68 71 26 28 31 
43 21 76 48 17 19 
99 77 31 18 54 42 
16 37 76 82 76 28 
58 66 67 84 90 34 
9 29 75 42 69 96 
90 55 89 8 63 41 
40 43 63 95 80 82 
41 14 56 70 26 18 
3 7 50 16 59 70 
17 12 58 3 34 74 
84 27 94 29 30 33 
13 19 1 74 53 79 
0 19 88 52 76 16 
71 15 54 27 85 78 
3 74 90 16 70 42 
53 12 5 19 20 73 
74 66 97 63 17 32 
2 77 78 29 77 98 
74 70 13 57 34 77 
73 54 63 81 80 51 
77 100 40 85 57 41 
75 30 57 91 5 51 
80 18 58 66 22 46 
14 98 35 17 46 34 
14 41 4 54 45 70 
60 1 31 54 11 3 
86 39 10 69 50 38 
69 41 6 1 24 35 
24 16 30 27 19 0 
42 47 40 44 97 48 
53 50 89 22 22 14 
47 36 85 26 44 77 
36 71 85 30 3 86 
29 65 26 17 75 38 
69 35 18 58 21 76 
23 45 26 63 9 21 
98 59 94 55 54 36 
93 21 31 76 24 69 
12 21 76 72 29 59 
44 64 83 13 78 28 
11 28 40 42 65 13 
42 64 55 61 96 40 
25 15 43 16 73 96 
17 59 59 34 59 39 
3 50 77 50 3 93 
86 98 88 42 0 7 
79 28 74 16 2 69 
52 71 51 56 27 23 
40 24 28 20 53 54 
51 20 26 11 52 17 
22 30 62 63 96 91 
10 53 15 50 75 37 
41 36 81 45 40 13 
30 86 14 94 93 3 
35 12 67 39 70 46 
62 26 42 87 36 16 
92 33 34 78 80 20 
6 18 47 66 77 43 
11 11 11 10 29 62 
81 69 49 46 33 94 
39 44 41 6 20 6 
4 29 20 94 84 46 
52 47 7 0 5 6 
74 84 31 16 46 50 
40 48 18 49 17 25 
79 73 44 78 99 29 
54 49 59 6 89 34 
43 66 23 12 18 72 
11 50 31 21 16 41 
66 19 87 64 97 56 
30 16 53 3 49 9 
63 16 99 95 25 38 
76 98 44 98 35 88 
86 43 86 44 72 27 
74 53 80 41 92 45 
78 81 4 11 37 64 
86 59 82 35 13 57 
94 79 62 41 76 37 
67 37 37 57 76 40 
79 5 0 74 52 32 
86 14 84 66 46 10 
24 68 33 6 35 87 
47 10 52 8 76 15 
74 79 89 7 72 86 
71 24 56 3 55 69 
45 22 30 43 2 78 
96 95 58 60 38 72 
97 47 86 43 22 44 
51 99 25 69 96 81 
93 80 27 6 26 27 
87 80 12 15 61 94 
29 96 38 93 88 52 
81 63 44 74 59 64 
83 45 99 67 57 7 
44 81 66 68 92 46 
39 43 16 44 28 6 
74 0 77 65 72 95 
48 31 95 34 5 35 
5 64 22 43 34 83 
32 77 63 33 54 56 
43 60 46 35 60 38 
25 24 56 31 11 22 
42 81 20 46 7 4 
89 2 70 86 39 65 
62 50 55 14 96 92 
63 84 30 91 88 44 
76 35 67 75 86 40 
71 9 10 65 77 18 
7 51 15 43 95 8 
38 21 40 47 61 76 
23 55 93 36 5 87 
9 19 21 90 99 57 
71 97 74 74 52 77 
0 11 7 25 62 95 
22 15 79 82 57 53 
56 93 17 18 38 99 
74 34 6 6 43 21 
74 76 40 74 16 26 
74 89 49 51 51 57 
28 29 16 47 57 31 
40 1 77 14 53 70 
48 18 45 95 86 93 
61 58 58 95 6 83 
98 63 13 81 5 51 
11 70 13 18 25 9 
82 75 68 17 49 96 
70 36 51 39 38 19 
3 98 28 83 20 7 
35 25 94 10 15 48 
16 84 32 65 11 0 
71 26 32 75 75 33 
6 29 14 69 78 85 
91 19 8 8 69 3 
58 95 75 34 51 57 
57 36 69 13 2 33 
71 9 87 93 76 96 
44 35 85 81 36 83 
80 73 14 81 84 45 
54 46 29 14 84 77 
61 4 5 86 13 56 
2 78 34 74 33 34 
50 45 72 22 72 69 
59 88 61 63 25 47 
1 5 59 1 42 47 
79 55 38 41 97 92 
18 52 54 53 2 31 
86 72 7 71 0 22 
49 44 76 56 75 16 
91 35 10 3 20 51 
91 4 19 20 97 49 
25 84 83 33 37 68 
87 25 25 69 31 11 
58 20 43 85 63 2 
4 36 85 57 69 59 
78 67 52 30 90 38 
44 41 41 40 21 62 
77 21 60 39 70 25 
19 38 5 16 51 51 
17 22 96 75 26 8 
8 3 60 98 99 16 
99 21 40 26 16 68 
72 31 75 94 37 58 
27 50 69 16 14 95 
25 26 22 0 36 64 
71 92 83 17 73 66 
11 39 59 38 27 30 
10 94 59 26 22 22 
92 57 97 76 46 92 
29 84 3 34 65 44 
18 74 62 85 26 58 
3 31 74 79 17 49 
89 56 47 24 71 17 
58 37 64 36 9 58 
82 22 86 70 97 48 
53 46 14 40 93 57 
40 96 22 76 67 62 
96 80 56 26 57 30 
68 81 78 84 59 67 
87 26 23 50 85 89 
52 46 84 48 62 32 
49 36 0 26 9 2 
35 83 80 74 66 45 
30 14 55 47 42 74 
83 95 73 7 23 55 
85 13 55 52 80 52 
44 73 98 83 23 19 
81 76 40 16 64 37 
37 15 11 97 14 89 
40 17 70 99 52 32 
60 38 47 76 59 92 
61 44 4 33 50 6 
74 36 95 96 15 32 
39 76 98 48 80 42 
60 71 10 1 27 1 
65 32 68 98 41 74 
37 36 78 22 71 50 
66 31 95 75 44 64 
26 0 35 66 64 39 
49 9 86 60 64 70 
85 38 53 28 22 7 
38 61 1 37 25 31 
27 81 31 54 84 66 
80 26 76 68 14 77 
60 13 92 24 11 73 
19 96 47 73 85 3 
1 38 53 35 77 48 
77 24 20 60 21 39 
58 65 65 43 36 77 
26 22 45 73 81 78 
41 86 74 78 37 83 
32 54 88 89 78 85 
48 61 97 95 30 69 
3 22 51 40 46 95 
22 75 76 71 9 35 
0 53 78 50 21 35 
99 60 61 48 70 27 
3 6 29 59 56 55 
72 70 21 84 4 64 
33 68 53 15 47 27 
76 38 43 76 26 76 
14 62 100 99 38 63 
40 37 54 44 29 22 
14 79 40 49 58 92 
47 1 89 95 58 52 
90 7 1 30 39 27 
39 90 57 15 67 2 
24 50 36 92 75 66 
57 53 100 13 40 29 
92 35 92 54 74 14 
56 48 10 34 15 33 
56 92 2 66 53 0 
14 37 71 40 47 85 
37 66 11 62 67 22 
71 81 89 98 88 92 
88 36 56 66 6 66 
99 82 91 69 99 7 
45 73 75 89 62 56 
81 78 12 48 53 67 
51 1 53 13 56 78 
65 41 71 10 27 86 
37 17 90 97 6 24 
59 55 20 91 26 72 
54 42 53 99 47 61 
91 48 16 64 95 11 
65 62 83 22 53 77 
61 98 90 47 27 18 
24 5 79 6 75 83 
35 64 78 14 0 73 
82 31 39 73 11 78 
36 41 6 4 45 76 
32 43 23 29 18 58 
80 86 70 16 87 36 
100 79 80 73 45 9 
90 76 14 30 41 14 
46 47 40 30 14 66 
45 26 61 28 41 11 
13 70 100 82 5 15 
94 73 30 95 92 64 
63 9 23 16 28 20 
80 28 73 12 25 75 
99 17 95 31 93 10 
91 58 96 22 19 11 
16 36 23 49 68 35 
82 29 16 17 83 39 
50 37 73 0 1 35 
58 18 40 82 86 26 
58 41 23 16 76 44 
38 18 21 33 47 62 
35 66 11 92 3 19 
30 28 70 40 43 96 
51 100 50 35 95 82 
61 26 13 58 52 55 
58 54 51 64 23 29 
2 16 53 83 79 81 
56 61 36 9 48 42 
35 93 82 68 82 14 
31 98 49 13 14 95 
66 78 11 40 70 92 
13 42 10 24 70 85 
40 17 33 5 57 14 
91 73 80 49 21 71 
82 1 0 73 42 24 
10 13 58 41 20 5 
27 40 5 40 68 34 
15 80 51 8 62 82 
45 17 17 86 9 22 
25 25 83 57 77 31 
73 94 10 79 71 18 
41 41 86 30 75 3 
91 42 42 10 45 88 
17 6 15 67 46 45 
21 100 21 21 34 50 
62 14 59 67 97 22 
50 97 67 27 39 6 
24 25 56 72 13 89 
17 72 42 26 24 25 
6 64 53 69 35 66 
74 9 35 40 31 35 
73 0 19 69 25 1 
55 53 54 100 40 95 
59 54 9 33 55 28 
52 15 78 98 69 14 
60 91 83 5 94 26 
78 40 25 56 48 45 
29 31 100 87 7 76 
25 53 12 60 7 32 
62 86 98 43 48 94 
12 78 18 11 44 81 
59 58 64 8 46 2 
60 29 19 39 34 15 
67 38 72 62 6 80 
56 68 4 4 37 79 
53 44 28 79 35 22 
56 78 10 11 66 86 
99 47 39 58 42 19 
0 19 33 65 14 32 
41 4 20 75 27 82 
33 2 15 88 32 42 
40 80 79 48 3 23 
38 22 52 93 99 94 
73 68 79 8 80 87 
55 8 93 76 19 76 
12 15 74 62 2 61 
47 93 37 4 27 82 
60 15 48 17 99 57 
70 13 27 6 85 4 
64 47 24 38 95 31 
13 2 94 13 66 71 
71 37 100 99 12 77 
20 73 87 43 93 85 
3 39 45 60 60 85 
73 18 24 69 19 0 
91 84 70 49 17 47 
3 68 18 20 36 62 
95 94 15 9 59 47 
31 64 9 75 57 55 
65 22 57 1 1 72 
51 5 57 82 16 62 
71 17 51 51 89 37 
8 41 23 98 62 36 
86 89 89 50 19 99 
68 72 57 77 85 70 
25 100 2 41 37 20 
60 73 18 20 97 40 
39 73 74 58 77 21 
46 49 5 36 53 44 
47 34 17 91 20 59 
30 64 61 37 11 40 
10 25 33 91 0 29 
27 95 81 94 3 67 
79 92 76 76 24 83 
63 2 30 96 4 74 
77 42 59 12 11 84 
47 16 69 96 76 51 
72 53 12 97 87 72 
96 75 69 1 25 6 
85 54 86 66 46 37 
25 43 44 67 20 81 
6 76 62 31 56 39 
56 36 75 15 82 44 
74 31 75 26 79 39 
37 56 45 29 45 24 
19 71 54 78 10 83 
18 19 51 38 14 70 
48 66 78 82 13 1 
65 84 29 0 40 22 
10 58 43 29 52 70 
81 48 91 53 75 30 
81 74 82 83 55 72 
79 51 42 1 19 47 
16 44 95 40 97 88 
79 21 44 48 42 40 
24 13 24 97 85 80 
88 63 78 4 88 6 
92 6 85 84 99 81 
97 60 47 13 93 15 
82 79 24 47 67 71 
25 11 90 67 92 5 
47 95 81 44 20 85 
51 99 52 32 38 8 
91 27 55 85 70 11 
36 86 58 55 14 70 
27 40 0 47 43 26 
11 80 57 38 5 49 
41 42 49 64 41 84 
6 2 28 96 80 90 
85 3 83 69 25 67 
19 1 61 81 6 49 
28 38 62 70 11 26 
76 31 45 40 71 74 
37 36 94 65 19 9 
100 8 21 14 100 43 
81 52 76 98 42 46 
90 19 26 39 75 12 
7 48 7 91 23 2 
71 68 73 30 20 29 
8 77 99 8 4 30 
47 38 27 62 41 26 
41 53 32 49 95 22 
47 0 87 96 70 97 
34 31 1 64 25 71 
51 24 84 36 100 20 
43 59 23 33 57 47 
36 48 1 58 71 72 
87 32 77 78 35 37 
58 52 66 95 53 62 
3 75 81 64 31 96 
21 43 77 63 92 72 
51 80 52 43 96 61 
87 60 5 82 51 99 
52 85 85 58 17 15 
43 90 91 24 6 71 
74 3 26 54 76 63 
74 69 19 10 42 53 
3 67 6 58 20 54 
41 17 81 10 43 87 
0 63 41 33 46 87 
48 19 39 9 46 13 
25 2 4 58 71 55 
52 64 66 44 91 31 
72 16 12 51 100 69 
32 55 80 47 56 14 
14 97 69 1 50 33 
88 40 26 23 95 62 
91 4 50 36 15 13 
91 31 77 58 6 73 
58 97 26 79 63 70 
19 12 36 49 14 23 
82 94 100 26 66 86 
11 49 15 33 34 3 
20 94 74 28 6 22 
4 41 5 100 4 47 
94 58 26 96 63 0 
90 7 41 61 92 5 
79 47 70 12 34 56 
30 54 40 8 54 12 
85 2 41 63 39 95 
43 72 79 66 83 4 
77 67 99 25 72 7 
88 59 4 98 12 44 
48 47 90 84 14 3 
22 50 64 14 96 81 
100 15 57 56 45 73 
10 78 66 77 90 93 
10 93 92 3 44 97 
27 28 97 29 52 59 
74 54 6 58 97 59 
83 22 29 71 45 23 
27 40 20 3 3 43 
11 70 41 90 0 11 
65 84 70 91 19 72 
32 63 7 50 65 82 
17 52 45 80 18 83 
49 43 14 26 42 56 
31 16 16 11 100 50 
88 39 62 93 50 81 
75 43 22 67 45 16 
11 7 6 5 62 5 
97 74 13 84 47 53 
33 56 69 30 17 17 
47 1 47 74 14 1 
57 70 31 91 95 31 
63 65 17 6 79 56 
6 95 49 26 95 7 
59 81 76 16 40 95 
75 68 67 29 80 97 
33 7 11 0 2 19 
31 68 42 36 55 70 
63 36 34 83 19 36 
95 66 63 16 7 62 
8 35 56 73 23 87 
19 83 49 92 99 15 
30 29 32 87 22 11 
73 92 38 33 36 76 
7 24 32 72 16 19 
66 73 13 76 8 80 
9 3 33 18 38 47 
10 69 25 5 26 75 
80 64 18 43 17 26 
22 89 89 43 43 75 
25 22 73 38 56 89 
32 76 5 59 27 18 
79 52 57 34 46 41 
65 2 0 18 94 65 
73 34 5 95 15 67 
98 75 51 39 62 91 
68 93 12 91 96 15 
46 85 54 23 89 40 
18 36 96 35 57 99 
98 7 22 92 33 36 
21 71 37 70 69 95 
65 89 92 67 27 46 
78 44 67 72 40 90 
50 66 49 40 99 60 
66 82 55 90 90 33 
84 21 32 17 30 34 
7 60 21 34 84 22 
7 61 55 98 43 44 
40 54 82 20 92 70 
38 31 87 61 84 19 
18 0 70 81 100 94 
75 6 82 14 29 26 
15 69 55 39 14 77 
41 39 51 78 94 96 
3 87 80 72 36 8 
88 72 95 37 44 62 
45 67 8 46 14 69 
36 52 76 13 53 52 
72 43 97 39 32 100 
31 20 69 59 57 25 
73 13 20 57 9 87 
73 33 88 55 59 76 
2 75 62 43 72 46 
74 51 83 92 23 1 
72 88 23 38 68 9 
33 36 76 81 5 1 
48 92 70 31 94 70 
0 59 31 82 92 91 
12 5 24 31 7 99 
22 97 20 17 32 7 
56 78 13 95 6 52 
73 84 78 63 48 97 
33 72 79 74 78 54 
62 1 16 29 27 2 
9 57 75 6 64 15 
50 75 95 85 50 47 
47 43 77 36 7 28 
8 90 21 52 82 75 
58 67 84 48 77 38 
63 66 86 35 76 57 
33 57 55 37 70 92 
29 18 34 33 2 62 
76 48 49 64 19 5 
91 68 65 81 59 0 
77 33 46 9 63 35 
66 54 6 82 27 76 
62 73 83 27 16 88 
44 100 89 96 66 45 
19 19 32 44 61 74 
9 74 80 22 41 10 
81 66 18 48 41 23 
27 29 66 99 92 95 
58 90 40 87 39 57 
32 28 82 49 35 14 
27 93 85 60 27 91 
55 17 78 69 96 23 
71 60 40 57 37 97 
85 25 21 88 18 21 
15 55 15 95 24 91 
41 25 39 79 19 42 
73 100 31 77 0 18 
39 64 29 69 52 48 
94 65 2 100 46 50 
58 7 100 95 75 23 
83 88 13 64 3 51 
31 64 26 61 98 24 
25 26 71 20 74 80 
56 48 99 24 51 29 
47 46 69 95 50 40 
76 87 27 46 72 93 
99 70 24 69 98 67 
16 3 20 15 17 19 
29 35 91 12 24 38 
74 36 68 76 13 31 
84 36 58 33 80 28 
88 94 83 53 42 71 
9 47 72 36 34 94 
82 33 18 0 40 30 
35 40 61 79 33 86 
73 94 48 39 90 73 
74 76 39 90 90 23 
66 31 25 69 70 99 
22 89 88 97 67 98 
9 30 35 80 27 7 
95 41 26 34 94 26 
28 18 39 11 65 37 
5 57 26 85 56 16 
100 14 65 50 49 52 
21 24 36 99 77 18 
10 18 56 25 16 69 
87 46 55 27 4 56 
80 47 51 52 32 15 
63 75 49 51 46 70 
32 55 5 75 92 46 
39 40 0 65 79 14 
6 53 43 62 79 10 
7 7 86 21 85 76 
6 14 65 29 91 48 
35 5 14 33 1 60 
21 47 4 28 12 81 
36 63 89 66 11 14 
30 69 97 95 62 48 
49 44 31 88 1 99 
42 54 36 30 18 16 
40 41 99 95 10 52 
33 77 98 58 53 72 
3 24 26 13 25 92 
52 81 64 66 86 62 
8 15 42 9 2 30 
64 24 13 12 63 70 
95 6 91 9 64 30 
65 0 6 41 63 36 
58 95 27 58 86 3 
62 92 57 88 42 11 
46 80 30 69 44 67 
78 55 54 16 57 75 
24 68 27 50 11 22 
27 10 68 8 100 77 
32 72 1 61 87 95 
69 17 15 43 25 3 
38 52 36 35 74 39 
52 25 5 52 98 31 
74 21 15 11 55 56 
74 2 25 29 80 31 
33 6 70 35 62 78 
40 59 30 81 41 84 
25 34 7 63 15 82 
12 63 29 35 79 6 
0 40 10 57 19 41 
35 61 39 26 44 69 
26 9 27 64 10 50 
21 68 44 67 33 95 
63 57 34 3 3 23 
27 58 13 23 49 92 
7 9 85 24 14 88 
93 66 16 35 45 72 
8 46 69 61 75 98 
22 50 80 58 41 91 
32 33 21 18 70 76 
50 50 69 31 89 33 
69 84 52 54 68 66 
16 66 82 98 80 47 
96 74 84 36 2 56 
50 36 67 14 5 35 
69 40 14 41 40 0 
15 95 7 56 16 61 
16 68 49 90 85 55 
19 3 41 42 99 21 
27 45 58 66 52 74 
76 76 58 60 66 33 
45 65 20 34 44 66 
87 20 10 57 5 21 
71 76 71 82 97 66 
42 3 81 24 60 44 
18 44 15 37 82 94 
40 54 13 23 75 31 
45 11 49 71 31 3 
44 84 53 99 87 11 
45 69 79 31 4 82 
6 100 4 30 65 34 
98 29 24 66 52 61 
6 63 10 15 0 68 
63 10 77 77 84 23 
67 59 22 40 42 52 
10 47 90 63 12 82 
60 43 16 60 7 30 
76 83 97 22 1 42 
72 95 34 35 60 98 
65 28 36 40 75 10 
45 32 2 76 57 69 
23 36 21 11 42 60 
41 27 21 44 86 42 
57 45 37 21 22 22 
51 9 11 34 73 66 
15 82 36 92 17 14 
48 64 74 83 2 20 
58 54 82 83 75 26 
31 54 48 79 53 36 
57 95 68 0 50 47 
34 12 49 10 94 29 
51 26 78 20 5 74 
71 4 76 72 72 40 
31 76 31 83 15 77 
89 45 75 33 39 89 
37 69 66 15 75 14 
20 34 10 85 18 31 
60 66 50 74 66 54 
60 92 21 81 45 39 
58 98 15 16 34 26 
41 16 30 42 51 87 
58 65 98 80 47 91 
100 3 17 60 3 9 
77 55 28 43 71 40 
17 19 51 15 7 6 
94 33 43 58 19 7 
63 50 0 94 91 53 
40 38 39 1 45 25 
89 61 64 73 38 63 
34 19 95 23 64 84 
99 96 60 99 66 5 
75 43 42 67 81 79 
100 33 33 26 31 59 
18 99 40 43 69 18 
60 31 78 2 23 100 
14 74 72 11 12 57 
4 37 77 63 36 41 
43 81 57 93 20 44 
83 26 27 69 79 19 
86 91 23 75 42 72 
96 59 55 8 52 36 
39 69 99 82 65 86 
62 95 41 56 10 47 
94 0 29 54 10 61 
32 8 94 71 74 24 
83 57 18 72 70 5 
82 60 36 94 97 98 
99 91 18 54 50 1 
47 80 47 76 58 55 
96 11 44 37 96 73 
95 31 38 10 39 37 
89 88 62 14 73 28 
89 47 94 75 66 76 
73 9 81 66 2 20 
28 76 43 18 23 76 
76 99 80 30 9 83 
38 57 59 79 80 23 
52 54 45 95 62 55 
22 27 2 73 79 27 
35 16 77 34 91 29 
0 20 92 52 92 87 
11 7 96 63 92 50 
4 41 56 56 34 16 
10 20 83 62 76 28 
5 12 10 42 6 97 
40 43 92 35 100 61 
48 26 42 52 59 39 
73 19 69 50 35 91 
73 28 86 62 16 38 
68 18 47 82 54 21 
45 19 78 46 29 96 
85 74 19 68 38 7 
73 28 22 5 22 55 
12 51 90 33 64 12 
80 66 91 39 97 76 
100 94 10 58 61 61 
77 12 53 54 20 0 
25 65 7 68 22 92 
12 53 75 94 32 39 
74 56 76 49 100 61 
27 69 34 35 95 49 
91 50 9 49 7 40 
90 24 45 73 56 88 
93 9 84 70 29 3 
42 45 32 1 25 13 
88 89 72 7 3 77 
31 76 63 98 40 87 
96 7 16 44 63 62 
81 14 43 45 45 70 
25 94 52 65 11 42 
85 57 66 85 18 63 
68 14 20 62 46 48 
7 86 39 16 84 49 
40 10 92 25 0 95 
100 65 62 79 6 42 
27 5 23 17 46 18 
41 17 30 3 63 88 
39 11 26 23 94 23 
45 20 12 79 33 16 
51 66 74 89 47 5 
29 41 94 97 96 10 
95 53 21 58 8 12 
2 11 65 41 38 28 
81 59 13 64 95 4 
47 35 2 85 76 77 
76 73 9 40 25 26 
93 22 84 1 3 47 
44 2 83 16 93 77 
17 73 50 39 7 3 
26 68 23 10 38 61 
52 65 95 0 73 47 
46 35 26 65 94 59 
56 79 52 22 45 48 
42 18 1 42 50 8 
70 100 99 22 100 10 
94 1 40 89 59 66 
59 73 55 16 53 22 
47 90 32 59 6 47 
58 77 94 14 94 100 
73 88 6 58 80 94 
30 97 58 89 57 85 
4 26 40 60 26 75 
90 43 83 78 99 57 
47 19 83 36 91 41 
49 7 12 41 32 83 
58 90 86 62 44 49 
67 94 39 32 92 7 
100 73 0 22 100 27 
68 6 57 21 29 64 
53 16 24 2 2 84 
96 38 45 86 24 67 
5 98 22 59 91 50 
64 52 30 95 21 18 
42 78 28 51 3 67 
41 62 50 49 9 28 
84 57 32 16 27 91 
24 66 51 55 86 56 
60 2 31 81 36 58 
16 13 76 89 76 96 
57 40 94 1 16 47 
69 48 31 63 43 62 
91 39 7 27 7 73 
21 92 69 90 59 29 
1 8 87 68 65 47 
22 0 16 33 33 97 
69 51 12 60 81 10 
55 45 31 67 88 95 
96 59 53 30 84 62 
88 42 39 34 94 54 
61 82 68 80 64 92 
6 88 84 82 12 4 
45 27 60 14 26 82 
53 12 35 21 43 67 
77 54 14 30 38 70 
40 36 85 3 64 92 
14 62 14 51 77 25 
73 1 69 16 25 1 
72 39 14 8 96 51 
56 16 100 74 85 57 
26 85 22 51 45 94 
11 22 62 46 100 16 
0 30 3 67 33 85 
41 67 67 18 82 74 
43 28 95 87 34 41 
37 29 32 5 32 1 
83 19 16 26 80 8 
63 33 32 72 58 14 
12 14 20 28 15 87 
21 33 8 91 36 44 
80 47 78 84 100 36 
94 16 72 86 1 83 
57 31 37 24 62 56 
30 100 31 56 68 72 
96 44 67 58 16 95 
26 35 15 78 78 88 
95 76 76 88 9 55 
40 26 25 71 7 92 
79 35 27 33 30 0 
48 58 96 88 71 78 
69 25 24 43 70 24 
99 21 92 69 92 59 
100 17 75 71 14 85 
14 14 48 42 92 17 
100 70 27 16 49 42 
77 25 79 1 80 91 
18 9 5 38 73 21 
38 90 40 93 93 53 
97 39 77 80 69 74 
37 11 100 81 41 50 
73 48 79 51 76 95 
19 71 12 43 42 56 
46 94 13 44 75 39 
6 42 27 19 42 78 
89 74 96 12 6 26 
68 33 3 48 0 13 
21 35 82 28 18 88 
3 91 6 85 73 50 
89 59 97 62 86 49 
23 83 81 36 79 84 
87 79 41 93 95 54 
67 82 15 55 75 79 
39 52 14 75 100 9 
63 77 72 95 7 34 
85 21 3 3 47 65 
14 73 59 79 15 73 
99 78 14 35 94 45 
8 5 51 40 1 72 
51 72 56 73 85 96 
95 100 23 90 14 11 
64 3 52 20 61 24 
63 53 42 65 6 97 
67 58 13 0 93 33 
53 18 44 76 16 33 
92 54 72 37 49 87 
79 7 76 86 40 5 
81 10 37 3 17 45 
89 38 6 92 63 29 
26 31 13 96 73 27 
24 27 23 24 5 68 
96 63 45 9 57 31 
35 49 86 62 53 14 
78 17 11 19 38 12 
46 95 10 29 80 57 
72 97 61 87 100 79 
31 23 54 3 6 89 
83 90 65 46 10 41 
10 5 64 83 92 75 
27 94 57 69 33 96 
21 93 0 35 58 65 
60 78 64 2 59 62 
85 34 99 31 57 61 
79 87 28 89 11 31 
92 100 85 79 96 76 
48 65 41 88 53 51 
42 2 18 65 12 4 
85 95 92 48 30 95 
16 29 41 76 12 9 
43 50 70 81 67 49 
97 96 63 48 47 82 
79 31 87 82 53 88 
81 32 69 66 16 87 
23 87 52 96 88 23 
29 80 50 42 47 74 
73 57 50 94 5 59 
21 51 85 88 35 33 
35 0 36 68 73 99 
26 61 1 11 39 26 
89 1 100 57 61 35 
3 8 53 61 36 60 
51 64 50 38 11 87 
80 78 98 33 65 49 
42 32 86 49 99 27 
55 90 42 63 93 75 
75 24 67 63 22 55 
48 84 52 89 14 47 
40 53 40 61 71 100 
55 16 12 79 6 77 
32 83 16 19 89 80 
73 66 13 66 91 30 
21 99 90 71 38 18 
4 32 23 56 29 12 
41 71 82 53 58 36 
0 17 8 14 61 100 
10 18 86 53 10 22 
48 93 38 52 33 58 
45 16 29 11 56 19 
36 70 52 74 59 72 
10 2 61 75 96 39 
33 7 72 73 32 60 
45 32 74 42 30 69 
39 16 44 14 18 45 
30 56 89 73 37 67 
30 26 18 87 8 62 
97 21 49 78 55 4 
11 83 40 72 84 45 
64 31 48 69 68 21 
63 4 63 72 41 39 
17 79 64 60 67 78 
28 18 65 68 17 0 
98 38 37 41 86 57 
26 92 20 89 26 23 
28 57 73 68 35 97 
54 44 15 70 49 54 
73 80 30 53 61 38 
27 99 51 11 62 75 
6 82 14 89 82 81 
9 69 57 12 70 99 
51 96 45 54 90 47 
40 85 54 51 14 13 
41 7 93 71 87 44 
28 35 80 77 100 49 
18 36 78 19 3 25 
35 44 44 27 12 76 
34 70 56 74 46 52 
53 81 67 69 18 44 
60 73 8 98 0 17 
99 1 62 8 23 30 
68 49 40 74 28 90 
25 79 13 34 26 30 
45 35 22 55 45 92 
16 62 77 49 58 36 
100 26 64 83 11 60 
93 1 16 97 17 96 
91 21 46 95 99 92 
95 46 38 24 17 3 
44 1 66 58 41 76 
76 17 72 48 38 37 
47 67 50 92 36 8 
63 19 51 69 5 67 
67 45 82 72 19 5 
56 56 18 22 16 10 
18 25 88 76 78 99 
14 38 17 0 
