100
69 21 38 81 28 77 58 4 91 5 48 35 69 63 26 6 11 40 36 47 62 51 66 29 7 31 42 6 83 78 86 1 13 64 41 16 58 61 52 99 44 10 10 54 35 69 47 28 28 70 85 58 50 33 26 20 7 50 2 49 83 96 48 84 38 81 32 99 95 97 4 87 74 73 94 34 57 94 26 74 39 3 67 62 63 26 92 24 82 51 77 62  39 7 5 48 30 59 83
0 28 7 39 87 93 
62 75 9 87 62 57 
11 27 71 45 71 55 
72 53 37 58 29 14 
69 33 10 94 57 8 
43 34 53 55 14 50 
7 100 57 54 27 71 
48 13 68 85 78 37 
64 17 87 97 3 57 
39 56 67 79 48 35 
34 57 93 82 64 33 
61 63 59 65 51 60 
38 84 68 82 97 71 
54 70 99 84 68 18 
80 48 82 76 91 45 
93 64 80 2 8 63 
35 30 30 10 28 0 
72 8 77 64 15 44 
70 66 35 44 30 70 
96 97 3 61 89 3 
69 30 80 72 46 40 
73 98 50 38 3 63 
12 47 60 47 23 7 
67 15 9 88 5 58 
99 34 10 45 88 91 
36 88 68 47 12 47 
19 49 78 99 41 40 
41 92 8 49 20 99 
38 4 37 10 52 92 
14 65 12 33 29 64 
30 96 11 65 8 26 
95 7 33 96 44 56 
61 76 54 27 30 16 
35 74 7 72 0 32 
40 1 86 74 45 50 
14 81 6 77 37 43 
87 88 96 78 40 74 
32 16 9 2 15 51 
22 82 25 96 70 70 
81 71 73 71 49 60 
36 91 50 75 68 10 
92 51 95 26 38 25 
31 27 52 9 38 71 
20 12 27 100 88 36 
51 77 26 84 33 92 
51 3 76 95 16 23 
4 21 6 89 72 67 
44 57 17 68 42 60 
53 52 12 2 13 17 
66 89 25 91 12 57 
39 8 32 0 22 45 
91 8 97 6 50 16 
70 37 3 100 95 40 
65 38 83 43 24 27 
49 32 29 41 73 77 
56 2 78 32 38 35 
12 44 14 86 53 53 
90 1 96 17 53 36 
61 56 50 96 90 35 
68 79 41 80 5 5 
71 57 100 33 18 3 
100 24 50 39 14 61 
21 47 67 85 82 56 
71 59 89 11 44 14 
68 59 90 90 65 51 
72 32 44 69 91 48 
75 93 91 89 87 77 
40 22 0 51 12 30 
63 97 86 12 36 1 
85 24 41 20 85 87 
38 22 66 53 49 80 
84 58 20 1 61 64 
24 1 75 1 54 6 
81 49 33 3 51 51 
81 97 66 20 63 16 
44 18 71 25 41 67 
50 68 4 88 24 22 
13 4 45 70 5 18 
3 76 98 4 22 80 
8 9 5 87 98 18 
14 63 38 72 77 25 
4 89 98 32 17 84 
60 60 40 42 8 78 
26 25 93 64 1 45 
51 0 77 92 50 74 
89 92 7 5 53 59 
14 22 95 67 98 82 
77 40 6 22 8 94 
16 66 3 38 92 56 
15 42 63 2 80 60 
57 89 4 24 82 57 
30 74 80 84 13 57 
45 77 55 61 38 17 
3 3 78 48 87 53 
53 71 80 1 26 27 
73 56 74 20 45 83 
52 79 100 62 97 1 
88 83 79 83 50 50 
20 71 17 27 64 44 
5 73 42 58 27 17 
62 15 86 91 12 77 
0 10 75 77 29 92 
90 99 99 21 82 86 
29 1 19 46 17 89 
22 64 43 10 30 92 
55 18 63 11 37 11 
36 87 74 93 17 73 
98 33 66 63 24 75 
74 71 49 63 30 25 
53 44 15 57 44 98 
83 79 100 72 11 16 
57 47 71 3 75 40 
21 99 57 57 62 45 
29 88 61 96 71 86 
72 71 8 1 77 48 
32 11 69 41 96 39 
92 94 17 73 75 44 
74 8 30 92 10 0 
74 25 49 98 51 56 
69 55 41 60 10 14 
43 64 14 9 32 40 
18 99 22 16 58 8 
73 46 98 17 7 74 
72 43 4 13 43 99 
70 1 70 55 10 33 
84 96 20 36 70 6 
41 97 45 63 62 99 
42 83 27 77 85 89 
51 48 49 49 69 38 
29 60 37 53 67 19 
24 99 90 57 87 30 
1 83 80 17 69 1 
1 95 79 65 10 21 
55 23 9 70 45 97 
63 50 75 74 0 20 
64 49 15 20 79 99 
81 7 89 42 41 87 
2 87 8 36 28 42 
83 75 82 95 7 46 
61 35 17 46 78 31 
71 3 34 41 99 58 
25 67 47 33 44 44 
52 46 96 58 43 56 
67 2 82 98 88 47 
58 97 12 46 36 9 
55 55 67 89 24 68 
97 28 72 71 29 64 
17 97 18 99 42 9 
38 35 47 58 91 71 
35 72 16 51 25 22 
87 66 50 6 97 74 
77 25 20 0 53 17 
70 94 34 61 63 47 
34 26 29 67 80 47 
60 97 36 86 14 63 
58 53 24 61 54 59 
37 40 26 4 35 44 
36 38 50 33 75 2 
39 62 74 90 12 36 
39 24 90 12 39 99 
93 71 48 93 17 34 
51 78 14 42 20 46 
35 66 84 83 32 82 
79 90 99 73 13 9 
48 80 27 35 81 79 
97 73 69 1 41 29 
100 72 96 87 62 35 
14 50 86 89 29 49 
64 53 0 98 91 12 
67 80 12 32 13 60 
72 21 100 47 11 82 
16 71 23 54 18 65 
10 9 93 44 45 52 
36 11 41 36 94 28 
21 1 52 83 80 50 
35 89 56 57 3 50 
77 46 93 26 11 9 
6 36 87 14 87 26 
18 81 85 45 79 55 
53 54 89 72 82 17 
37 40 3 85 7 31 
70 33 46 5 67 68 
10 69 30 47 66 82 
34 35 57 44 81 16 
12 92 92 98 49 17 
98 0 54 12 42 55 
97 69 67 34 73 92 
38 13 25 42 16 20 
24 68 65 81 63 93 
14 61 11 93 18 7 
72 17 57 98 11 15 
72 56 75 30 83 38 
75 14 95 62 56 27 
23 78 23 81 51 35 
48 79 54 76 24 28 
93 90 5 60 27 55 
68 42 36 21 69 22 
96 42 15 75 25 16 
15 2 18 51 45 64 
88 1 89 64 56 97 
11 30 6 70 36 7 
90 51 15 70 91 54 
0 84 1 77 24 35 
84 63 51 26 32 92 
83 4 67 48 34 38 
95 99 85 57 9 41 
41 52 96 33 39 48 
87 37 15 44 26 88 
100 3 97 28 44 9 
5 94 35 77 18 28 
9 11 80 82 37 10 
21 82 60 28 43 38 
72 59 20 57 31 83 
100 42 66 23 43 34 
99 62 69 96 26 59 
64 73 75 21 20 40 
1 76 51 74 27 70 
77 37 1 5 99 56 
20 94 12 12 84 0 
27 79 53 54 81 27 
67 27 55 98 6 49 
32 83 98 39 92 50 
14 44 69 90 28 63 
45 78 90 31 66 25 
41 100 73 33 58 28 
6 30 69 2 8 10 
11 19 65 38 74 50 
8 63 15 85 33 83 
68 29 44 13 48 13 
80 1 70 89 37 39 
76 3 48 17 1 85 
19 62 64 58 92 20 
16 17 39 11 31 61 
48 25 71 96 37 3 
85 53 99 69 79 34 
67 42 1 27 0 76 
48 6 80 37 40 48 
20 52 15 68 69 8 
21 65 9 72 26 25 
19 2 68 100 30 5 
40 90 27 7 12 3 
71 77 42 75 54 85 
63 38 70 33 2 24 
16 41 19 76 98 25 
22 76 66 44 48 34 
40 55 64 74 65 71 
72 46 51 33 81 3 
33 3 31 75 9 95 
19 72 95 45 32 60 
51 39 15 28 12 93 
45 97 43 100 24 59 
21 55 99 61 80 55 
77 79 76 0 95 1 
97 15 83 12 1 35 
76 86 66 39 83 52 
35 87 86 44 69 54 
82 89 43 74 91 53 
2 25 98 48 87 39 
1 65 17 68 36 36 
33 96 54 88 87 23 
11 93 2 19 72 90 
53 62 53 62 20 68 
24 52 61 30 6 11 
43 54 58 50 90 32 
10 88 81 35 31 79 
61 50 77 7 96 62 
27 16 36 2 71 3 
87 95 41 14 82 41 
81 63 12 97 24 53 
48 95 0 44 86 6 
51 57 13 9 35 24 
5 54 94 51 39 77 
59 38 16 86 19 31 
46 2 18 37 85 3 
67 86 85 65 94 10 
65 3 29 12 53 97 
55 83 22 15 3 64 
75 9 36 100 82 13 
96 76 33 100 59 96 
25 29 67 80 21 58 
91 56 15 37 96 7 
45 51 40 61 68 43 
5 78 62 92 82 23 
53 47 55 61 88 40 
20 22 86 60 7 47 
32 69 35 54 6 1 
44 0 3 82 45 14 
40 5 36 2 80 40 
4 7 82 31 59 54 
28 59 25 65 73 82 
56 79 10 71 59 3 
54 81 9 96 57 64 
46 76 62 63 38 72 
8 91 77 73 89 34 
30 22 86 80 85 8 
75 19 9 84 14 18 
88 90 41 96 37 87 
61 32 60 91 62 15 
56 13 38 56 39 92 
68 9 70 32 15 79 
72 89 96 65 85 95 
29 10 89 34 13 67 
84 81 80 97 86 3 
0 78 19 96 90 59 
40 95 88 30 73 67 
35 34 74 4 95 68 
34 8 52 29 17 41 
55 51 68 11 46 32 
95 46 63 18 11 24 
60 48 53 16 50 24 
44 89 12 7 28 57 
58 13 52 5 14 3 
2 74 4 33 81 42 
85 76 46 92 36 75 
67 82 42 27 50 26 
71 69 67 1 89 71 
45 77 22 97 53 3 
78 38 87 67 1 14 
42 26 60 34 63 27 
37 15 6 82 78 0 
66 93 87 34 5 75 
17 62 80 23 9 74 
39 52 97 82 43 24 
94 56 80 56 10 24 
79 30 75 53 42 4 
86 80 66 44 2 85 
85 70 4 78 88 47 
52 4 54 8 44 28 
65 42 24 6 12 23 
27 6 86 37 25 86 
56 63 45 83 16 65 
39 33 24 66 72 78 
97 42 90 57 90 29 
70 63 37 69 40 83 
38 98 19 43 41 29 
72 73 51 67 40 83 
51 45 19 66 0 33 
59 82 54 41 28 78 
93 70 18 40 15 49 
64 92 84 51 99 26 
61 27 57 25 18 73 
72 51 31 67 65 66 
97 18 35 71 91 79 
55 16 22 80 2 70 
92 3 1 16 23 78 
22 34 62 17 20 65 
16 55 34 6 34 30 
53 21 98 63 64 35 
13 65 76 89 88 42 
56 11 81 23 51 3 
58 30 74 43 22 82 
46 64 87 67 21 92 
26 27 48 12 57 14 
96 93 33 0 99 76 
45 84 39 43 17 89 
46 51 60 74 84 44 
13 17 94 83 72 69 
29 55 43 43 47 49 
77 5 55 33 78 36 
69 96 11 43 4 73 
94 92 43 42 15 23 
7 95 49 38 72 64 
23 13 54 29 94 23 
13 69 98 42 93 83 
28 95 49 60 2 25 
77 99 83 65 3 82 
1 64 40 93 29 80 
32 24 66 77 17 14 
2 80 100 38 32 55 
20 1 13 40 90 87 
59 99 0 52 61 80 
65 13 54 15 91 54 
68 61 41 88 59 88 
43 33 57 18 62 30 
90 91 33 96 97 78 
96 51 59 28 68 94 
61 24 17 72 26 47 
62 28 15 24 77 48 
39 40 4 8 95 9 
70 43 47 84 10 35 
73 83 80 36 13 27 
74 33 11 68 21 67 
12 96 90 8 97 94 
58 15 14 72 16 27 
53 40 89 9 87 47 
47 13 92 98 52 35 
9 5 59 34 82 76 
52 0 12 58 79 53 
79 19 21 25 49 7 
87 82 76 89 3 59 
80 100 84 12 78 38 
53 96 37 14 42 71 
46 25 40 60 55 60 
5 53 78 2 25 92 
98 19 42 6 84 28 
7 58 62 21 95 57 
30 19 57 94 78 67 
7 76 88 27 48 87 
93 77 38 77 55 72 
65 95 42 87 76 59 
69 46 9 49 49 6 
22 32 8 60 11 25 
83 6 15 76 35 36 
40 5 54 45 61 12 
0 73 93 2 5 4 
74 27 79 29 53 52 
30 55 26 96 67 49 
72 83 36 96 45 58 
78 72 2 95 20 76 
89 10 78 17 32 74 
7 3 50 17 74 34 
43 28 5 38 74 43 
75 49 90 13 82 82 
12 66 93 86 25 39 
86 42 12 90 84 84 
57 79 5 98 52 30 
21 2 53 47 33 40 
2 32 80 22 64 40 
36 97 82 42 4 49 
68 86 24 2 95 75 
41 84 80 58 73 0 
58 42 3 3 12 7 
71 81 32 15 33 86 
45 52 33 97 49 30 
53 80 82 42 37 44 
74 79 91 49 85 86 
4 42 60 28 13 52 
76 38 64 100 29 7 
76 61 39 23 78 36 
97 74 17 69 63 54 
1 71 25 79 87 79 
14 36 77 18 16 7 
16 89 48 53 77 58 
51 17 10 73 15 29 
84 8 43 18 28 36 
16 16 67 32 69 66 
5 80 88 17 28 39 
65 79 93 58 0 14 
59 67 46 70 100 53 
58 19 67 1 81 36 
30 1 81 71 49 41 
100 12 53 67 34 30 
36 97 61 77 11 8 
50 34 69 3 67 79 
100 75 10 85 4 54 
79 91 66 81 13 81 
7 83 20 9 96 89 
13 86 34 72 68 94 
90 46 57 28 1 7 
28 36 22 54 8 47 
94 98 51 41 58 94 
10 99 42 86 71 20 
48 83 8 39 54 40 
30 62 78 43 13 53 
2 42 14 0 36 66 
2 71 94 78 51 67 
26 41 39 28 68 89 
92 21 49 8 77 12 
95 45 38 1 87 23 
70 28 24 17 74 49 
36 63 2 45 2 40 
18 86 99 3 93 88 
63 11 68 84 66 26 
86 78 1 21 39 65 
81 79 27 5 33 24 
79 43 2 58 26 36 
48 48 82 6 57 50 
22 73 20 16 30 22 
83 14 23 24 34 98 
21 83 94 4 73 80 
93 17 54 79 5 3 
59 36 0 41 37 18 
65 44 33 86 32 93 
29 93 98 52 21 52 
42 61 87 32 74 51 
71 38 92 54 47 20 
31 65 18 61 4 88 
100 44 98 48 67 35 
32 61 5 90 35 66 
29 17 64 23 45 17 
2 51 86 18 67 33 
11 24 73 54 100 16 
66 1 30 100 84 85 
61 54 8 38 82 77 
1 66 92 16 75 63 
54 68 38 39 65 52 
51 7 67 23 70 89 
15 19 4 3 67 66 
41 0 59 22 28 67 
15 32 64 21 71 88 
34 7 16 76 34 27 
49 100 14 77 67 92 
80 58 88 60 50 11 
78 34 93 25 99 48 
54 11 20 10 76 97 
14 97 19 26 100 44 
12 24 27 42 5 14 
76 25 77 43 74 67 
69 99 96 49 81 79 
47 37 26 6 93 34 
43 3 25 56 61 3 
55 58 82 58 18 65 
95 92 9 35 39 82 
35 9 18 46 91 21 
74 12 46 2 37 59 
0 52 25 53 14 51 
94 2 42 53 12 2 
64 19 68 21 72 44 
76 39 47 78 83 13 
52 74 96 7 6 67 
33 37 8 13 32 56 
25 64 30 24 30 24 
45 82 95 73 68 85 
24 70 8 6 47 55 
79 63 40 55 100 92 
93 90 69 13 8 15 
92 2 37 76 34 63 
96 2 64 38 18 8 
95 53 65 81 99 50 
72 87 77 31 34 74 
40 51 54 25 27 7 
70 71 18 22 52 0 
46 31 42 27 19 85 
85 69 40 10 42 76 
34 9 35 61 100 40 
82 44 62 26 61 89 
88 43 84 46 27 79 
80 92 54 47 80 96 
79 39 7 95 6 96 
61 19 100 90 1 40 
55 96 16 93 100 41 
92 42 62 6 55 30 
4 84 4 98 63 54 
20 2 53 12 70 78 
24 92 63 73 7 24 
10 63 85 14 26 86 
59 59 74 39 15 60 
68 49 79 71 100 94 
65 28 25 46 0 18 
82 55 22 86 2 88 
91 97 1 57 22 50 
45 55 88 81 79 92 
13 58 42 13 27 37 
23 82 67 77 94 10 
49 75 58 45 6 97 
49 100 16 63 3 38 
23 89 58 82 53 16 
89 87 49 43 51 23 
28 88 12 10 55 97 
68 69 76 35 25 14 
55 47 70 32 1 56 
11 46 46 61 9 93 
57 44 25 44 38 54 
4 52 49 74 61 7 
29 81 53 78 44 67 
53 31 18 0 85 52 
16 48 56 83 67 98 
39 72 65 53 42 65 
34 27 84 77 90 20 
60 65 77 3 2 23 
38 89 56 31 46 23 
85 61 39 53 3 88 
73 16 55 95 58 95 
46 34 83 81 32 20 
79 13 86 25 52 2 
34 50 23 34 97 42 
98 52 13 33 14 60 
81 38 75 15 37 98 
61 54 93 14 9 69 
19 69 16 28 95 97 
64 84 41 87 53 32 
58 51 33 15 14 42 
82 85 0 17 9 87 
58 9 91 37 54 87 
7 90 76 14 43 96 
27 93 81 100 68 81 
66 60 70 3 37 40 
95 62 7 64 70 8 
82 70 18 76 46 37 
39 60 60 32 89 17 
27 60 51 69 75 33 
43 17 78 74 72 18 
7 61 63 34 11 15 
74 26 50 47 71 35 
1 42 11 17 35 59 
44 61 41 90 2 54 
86 59 68 82 92 44 
88 82 52 15 19 67 
86 32 51 27 55 52 
17 0 9 50 40 80 
22 90 37 47 97 67 
22 89 69 94 41 4 
18 49 48 25 41 54 
43 65 21 72 65 15 
12 27 42 48 100 59 
44 39 86 19 33 74 
33 22 68 38 28 51 
43 53 7 48 24 74 
83 63 66 1 32 18 
70 18 79 46 70 8 
7 23 73 12 54 63 
36 7 17 37 45 11 
41 28 68 82 19 25 
34 43 84 13 59 76 
30 33 67 26 32 64 
94 19 22 16 9 9 
0 36 62 95 80 24 
26 8 31 55 58 66 
81 83 71 1 30 9 
62 61 48 51 47 19 
45 61 76 90 63 4 
4 49 2 69 60 8 
40 45 2 41 63 21 
74 5 43 37 76 54 
10 62 59 95 36 15 
39 81 73 3 62 87 
81 98 14 67 100 7 
71 44 6 2 87 74 
46 40 52 93 52 63 
100 89 31 65 8 24 
51 17 88 89 55 86 
1 41 93 21 2 85 
86 48 87 50 36 0 
83 25 89 41 64 81 
19 6 76 62 99 18 
59 12 73 39 27 76 
42 11 40 66 53 25 
20 24 24 68 13 98 
77 10 64 1 16 2 
6 83 36 77 37 79 
99 86 75 56 54 91 
72 36 46 37 68 20 
90 21 81 63 44 87 
9 58 57 67 49 14 
81 80 74 72 78 26 
36 18 96 45 30 43 
46 73 52 94 99 94 
43 3 26 45 81 39 
29 71 42 85 2 56 
58 40 62 83 0 76 
59 17 65 46 45 31 
27 95 21 69 48 74 
38 46 35 94 39 98 
96 43 52 40 10 34 
36 12 30 38 47 26 
59 79 94 75 58 17 
69 14 9 23 5 57 
14 57 48 33 39 54 
12 17 82 37 79 85 
94 54 36 26 6 59 
54 15 60 86 49 60 
93 43 31 4 11 7 
33 78 5 74 2 82 
29 56 26 83 33 59 
96 52 36 28 93 88 
53 69 88 83 9 80 
95 25 76 0 94 33 
100 38 92 29 93 1 
23 36 48 30 92 46 
96 17 38 11 79 78 
33 100 93 69 89 39 
53 3 80 96 46 91 
25 8 4 90 24 30 
53 4 100 91 82 12 
40 37 82 58 76 61 
88 95 25 76 98 11 
100 51 86 19 27 9 
36 53 33 57 17 4 
71 35 41 72 39 90 
40 91 18 56 17 80 
61 72 57 80 67 33 
30 68 98 34 12 40 
91 67 91 22 80 89 
59 94 0 27 55 76 
55 80 38 14 57 60 
87 96 69 43 79 76 
49 6 93 35 15 78 
76 22 19 4 37 41 
73 77 76 17 24 32 
95 92 5 50 19 97 
43 68 70 48 69 38 
14 12 4 43 37 89 
61 6 56 57 47 87 
31 35 71 88 91 53 
3 89 73 13 3 44 
36 17 48 31 90 53 
37 79 41 56 27 69 
18 100 49 97 1 89 
52 7 2 10 97 98 
37 90 24 41 17 33 
27 0 96 31 80 90 
24 46 68 65 30 70 
57 40 40 9 7 11 
16 21 14 96 27 3 
48 48 2 69 11 92 
61 84 65 66 59 20 
40 73 9 19 84 36 
53 21 66 54 20 46 
88 56 53 73 10 56 
51 31 68 90 78 23 
48 5 50 90 51 4 
98 43 34 36 94 57 
87 66 27 2 85 10 
55 10 57 29 62 84 
72 49 81 92 21 16 
64 42 1 39 54 37 
26 64 65 100 55 96 
0 63 48 29 5 10 
92 71 49 39 55 56 
95 14 18 31 35 73 
69 43 35 58 26 60 
25 42 42 91 72 96 
64 63 71 38 67 100 
56 90 42 80 72 72 
45 23 17 87 96 57 
87 9 40 53 29 27 
38 48 50 57 13 58 
75 1 51 24 33 99 
41 38 28 98 37 25 
7 25 3 71 51 24 
25 55 30 12 83 30 
71 21 52 76 19 76 
57 72 87 47 8 81 
46 38 76 31 63 0 
26 51 66 92 92 67 
64 78 15 10 39 94 
18 66 86 41 76 53 
24 92 28 56 100 19 
41 75 81 58 79 65 
71 15 99 16 51 75 
66 32 96 28 76 79 
53 66 94 42 38 60 
2 76 53 77 41 89 
44 55 68 99 68 96 
81 82 66 70 99 50 
21 11 15 41 12 98 
67 59 68 79 18 43 
90 78 36 53 49 49 
42 34 68 34 22 65 
7 97 31 19 45 92 
55 80 48 26 0 71 
22 37 79 7 93 58 
82 79 57 63 21 51 
38 13 47 59 10 94 
13 15 57 21 51 100 
4 35 51 38 52 37 
80 47 91 43 75 55 
48 27 36 1 28 31 
70 84 96 4 1 95 
93 56 99 97 96 73 
85 34 10 17 97 57 
63 1 58 33 1 15 
44 100 3 48 86 3 
11 30 73 43 91 38 
96 80 41 8 61 27 
21 9 50 53 90 67 
55 6 31 29 80 90 
29 51 71 0 45 67 
34 2 80 90 73 42 
64 12 61 40 89 26 
81 40 62 25 68 84 
17 73 53 7 66 36 
99 29 49 31 75 82 
83 24 47 80 90 43 
16 71 88 27 98 67 
25 94 76 9 56 31 
1 48 18 99 78 10 
92 53 66 30 24 70 
25 75 52 72 26 73 
71 87 85 54 46 75 
72 47 33 53 45 82 
100 77 87 49 72 35 
45 42 76 22 58 76 
27 93 38 24 5 66 
22 45 0 89 6 28 
54 85 99 45 76 47 
81 16 12 9 92 68 
12 80 79 43 78 51 
59 48 6 53 89 23 
23 35 45 90 14 19 
32 81 46 94 51 30 
66 98 49 3 95 70 
59 58 85 96 73 27 
72 54 37 45 51 36 
20 74 75 55 67 2 
83 56 88 33 77 39 
65 81 32 53 51 49 
96 96 58 42 12 12 
32 100 44 61 55 65 
14 89 66 62 95 1 
14 46 10 92 37 67 
89 0 47 78 81 65 
85 78 24 63 93 6 
42 95 63 30 29 51 
65 7 5 49 16 13 
58 64 99 66 23 33 
3 50 36 24 62 99 
10 100 46 44 82 60 
9 2 80 99 23 89 
43 66 19 37 71 55 
64 88 95 61 63 80 
74 10 47 39 80 75 
100 58 42 1 94 9 
95 42 31 77 97 37 
78 37 53 95 74 14 
76 100 88 34 43 69 
81 99 21 23 57 68 
92 92 79 34 6 47 
0 53 24 9 10 25 
54 59 90 68 30 21 
64 29 50 55 80 71 
54 65 87 4 71 94 
50 85 79 49 35 86 
42 10 5 83 25 77 
12 48 47 94 4 12 
95 100 62 71 34 50 
63 4 51 62 17 91 
26 56 16 84 71 33 
33 62 50 30 3 28 
75 65 10 96 46 4 
67 5 78 14 72 44 
67 45 51 77 39 40 
81 27 96 94 83 18 
69 36 60 65 71 67 
7 2 28 78 53 0 
91 89 65 27 1 66 
33 30 35 38 2 44 
24 72 12 13 56 78 
28 7 45 28 81 66 
87 7 10 2 39 35 
87 86 1 70 98 87 
39 33 94 92 30 44 
55 65 70 36 92 90 
16 17 87 36 38 50 
44 13 49 84 44 74 
35 83 97 6 54 17 
65 57 63 86 65 55 
96 42 2 74 34 38 
71 67 47 82 79 84 
27 41 71 59 48 48 
87 30 49 64 93 80 
54 81 24 91 0 37 
43 17 55 35 36 96 
55 98 89 33 3 22 
71 30 51 41 61 85 
97 12 60 69 68 2 
36 35 36 81 3 47 
69 77 24 58 77 13 
47 28 27 75 61 6 
93 27 73 79 30 24 
97 88 25 96 18 57 
63 96 44 90 89 38 
28 30 85 68 3 64 
18 80 66 33 51 71 
95 79 30 1 38 92 
78 44 92 77 93 4 
1 12 74 30 96 70 
39 78 58 90 85 65 
9 89 37 0 2 96 
18 47 85 82 73 1 
95 46 80 4 70 89 
32 8 39 43 29 80 
59 8 35 82 39 52 
37 83 70 28 6 40 
38 62 1 70 36 87 
16 70 47 65 24 96 
27 69 1 52 3 68 
31 90 71 45 30 20 
52 12 56 75 44 69 
63 36 29 46 11 66 
97 78 59 46 20 91 
36 87 92 80 83 62 
13 90 81 18 30 73 
38 92 69 57 55 15 
82 73 99 85 10 65 
43 2 0 52 77 89 
9 54 44 84 14 17 
99 13 78 60 47 73 
37 69 7 100 59 7 
85 54 86 74 87 70 
1 37 95 69 86 99 
4 83 86 35 30 80 
29 61 11 47 12 66 
85 21 57 47 27 35 
25 77 25 36 46 36 
57 14 9 2 38 36 
12 76 24 44 18 36 
28 25 76 49 97 23 
54 58 13 26 58 20 
100 49 9 39 46 46 
43 40 56 10 79 42 
45 78 25 27 17 96 
52 0 24 65 91 14 
3 11 60 39 86 26 
43 67 72 81 62 25 
50 86 100 85 4 27 
43 23 43 9 84 11 
92 31 80 37 71 69 
7 91 100 85 82 21 
65 28 98 10 71 64 
39 12 52 68 41 55 
53 70 96 39 3 95 
5 8 70 33 53 62 
60 2 35 69 68 40 
89 85 61 70 47 88 
52 61 42 60 68 48 
62 27 35 96 79 40 
95 39 57 64 76 24 
54 1 55 18 77 24 
0 46 55 43 93 74 
15 64 79 45 11 32 
69 51 25 35 20 52 
7 6 97 83 23 58 
87 6 46 78 74 49 
42 72 12 12 42 22 
70 73 41 79 58 82 
39 30 24 77 56 47 
9 79 67 61 44 6 
58 24 50 62 94 10 
33 96 97 63 48 85 
71 96 94 60 10 86 
77 28 20 60 74 89 
13 65 81 25 61 76 
94 17 76 9 14 94 
63 12 47 63 59 66 
35 47 89 65 46 0 
55 70 20 5 12 15 
34 80 51 92 98 69 
56 42 31 31 54 55 
73 6 65 5 39 75 
74 70 57 83 98 34 
25 63 14 31 40 29 
30 46 40 97 62 30 
18 95 67 19 38 41 
50 38 15 41 43 90 
77 56 35 11 2 54 
55 38 53 85 91 11 
61 55 78 4 11 24 
31 50 96 88 27 77 
66 41 48 42 39 38 
49 7 18 18 21 61 
81 93 90 33 36 85 
9 91 55 55 0 92 
29 39 11 81 12 16 
59 3 66 95 94 78 
69 87 66 77 95 99 
44 61 65 11 97 36 
4 45 62 90 6 73 
90 92 74 9 91 7 
43 34 88 27 44 5 
79 49 71 80 68 17 
57 97 56 12 46 27 
77 19 24 88 83 72 
16 70 79 43 24 60 
17 42 8 17 65 11 
7 43 37 3 60 54 
51 11 98 11 6 11 
31 66 51 40 16 6 
68 30 96 82 54 14 
43 70 92 0 79 58 
15 83 28 61 27 41 
88 4 26 85 67 3 
56 51 43 17 65 7 
46 88 68 23 8 62 
57 40 91 9 32 7 
11 70 57 3 53 33 
3 21 1 97 48 78 
20 5 4 3 44 45 
67 39 93 23 18 65 
16 87 22 8 50 4 
55 4 17 5 32 60 
50 74 18 78 6 84 
23 2 70 43 47 40 
96 79 93 16 35 86 
38 89 12 42 30 35 
55 73 44 3 93 20 
29 79 0 79 38 81 
99 25 33 38 70 62 
88 38 11 65 35 32 
23 73 70 54 16 85 
11 8 14 55 24 9 
71 55 80 18 39 97 
65 66 89 97 36 81 
25 59 35 99 12 5 
88 3 98 63 2 99 
26 78 28 38 41 23 
15 91 24 78 16 73 
72 53 74 28 34 49 
61 34 67 46 82 23 
3 65 19 66 43 78 
35 21 73 41 13 26 
9 95 21 38 98 1 
84 11 74 5 39 58 
79 0 6 28 88 76 
73 68 15 21 81 45 
13 17 99 22 40 77 
48 49 51 73 28 14 
79 64 86 33 38 14 
78 42 2 31 72 59 
45 71 35 56 7 37 
34 41 27 71 24 78 
83 62 82 93 11 23 
9 74 19 11 3 77 
44 88 22 94 26 78 
7 13 69 36 4 93 
33 27 67 38 37 21 
45 53 52 33 15 14 
69 76 47 81 92 63 
64 2 89 95 14 60 
15 12 11 15 38 6 
0 52 18 60 2 24 
36 42 100 95 10 46 
9 52 94 10 72 39 
77 4 81 50 22 70 
58 19 61 3 82 92 
70 19 68 85 10 15 
72 14 72 62 57 40 
100 57 22 48 79 99 
98 71 9 81 11 50 
76 93 64 73 89 47 
80 92 47 2 3 52 
3 63 88 25 37 79 
77 89 40 72 61 25 
40 100 78 96 43 53 
59 40 68 30 29 44 
33 46 17 39 64 15 
81 83 81 28 52 0 
11 11 13 27 73 8 
100 74 23 88 78 43 
59 12 59 45 34 2 
47 79 97 84 18 14 
72 2 43 33 20 64 
85 89 7 62 62 58 
34 22 93 41 88 100 
13 87 100 42 88 48 
6 51 80 8 98 2 
75 89 12 52 2 43 
62 25 50 76 67 2 
100 99 8 80 94 56 
95 65 76 20 10 93 
76 27 35 24 10 62 
12 29 50 24 3 80 
99 86 79 34 12 28 
99 88 18 11 0 8 
59 28 17 1 10 70 
99 24 89 58 98 14 
88 67 27 43 4 14 
49 23 67 96 45 61 
59 94 34 49 5 20 
96 26 100 7 30 93 
82 92 36 33 4 53 
72 83 47 93 36 35 
82 63 25 19 9 34 
7 4 70 42 28 92 
17 38 79 45 44 48 
13 92 10 31 62 15 
90 24 34 69 22 3 
58 92 94 25 80 51 
55 72 22 4 13 26 
45 80 16 61 25 76 
60 11 8 0 54 95 
16 24 11 42 5 45 
43 99 6 22 47 69 
92 42 64 11 98 26 
54 86 39 48 27 21 
1 99 78 91 56 88 
21 74 40 99 64 8 
51 18 45 53 11 27 
58 17 87 48 37 15 
22 72 36 30 28 54 
92 15 15 98 74 64 
100 2 98 54 32 54 
49 46 7 12 63 24 
36 89 19 48 26 28 
13 68 79 65 80 12 
71 70 78 43 11 51 
59 27 33 73 2 13 
59 54 0 68 5 46 
7 53 61 80 65 49 
23 20 73 70 36 37 
36 3 8 7 16 81 
83 82 6 23 18 45 
2 58 9 21 23 61 
76 61 33 49 77 3 
70 71 16 77 97 34 
14 79 10 85 76 90 
100 22 57 8 3 23 
24 19 34 100 75 40 
48 11 56 47 75 23 
64 27 4 68 12 39 
4 48 60 56 15 84 
43 7 71 13 30 89 
60 67 32 92 3 41 
38 68 24 27 28 95 
68 0 49 22 81 77 
20 62 68 43 78 27 
1 46 83 84 94 92 
98 22 14 52 60 10 
39 67 38 2 57 79 
6 42 94 16 8 53 
61 20 26 100 5 80 
57 85 12 51 87 54 
21 33 66 53 82 86 
58 44 1 7 77 42 
43 29 10 18 67 20 
25 80 58 85 70 42 
4 13 30 53 37 2 
25 100 57 17 78 5 
54 56 51 32 47 72 
69 98 66 88 70 15 
36 73 17 16 5 49 
0 45 99 66 84 9 
94 98 75 93 83 93 
19 87 70 20 100 79 
1 8 61 10 17 82 
94 37 8 91 5 7 
97 3 47 99 63 99 
84 24 18 1 47 89 
46 78 26 76 82 83 
44 62 13 80 13 28 
16 95 48 6 28 7 
85 86 35 10 64 96 
45 61 8 48 49 98 
38 3 41 69 42 19 
21 73 51 49 65 78 
41 8 73 81 51 69 
95 4 62 21 42 8 
1 24 46 22 45 0 
20 18 62 58 27 64 
50 62 76 28 79 40 
37 95 64 4 87 32 
46 99 9 4 67 28 
72 55 96 71 12 38 
98 48 59 38 33 50 
3 26 71 51 36 14 
18 24 60 68 48 53 
96 85 52 65 23 49 
39 84 5 76 4 99 
32 76 30 79 6 39 
82 100 2 77 47 80 
73 11 42 41 51 53 
59 16 87 28 61 39 
37 62 25 56 94 26 
88 81 100 100 10 11 
7 81 99 20 0 85 
24 89 38 19 86 85 
16 26 81 80 15 13 
18 57 75 41 47 80 
83 80 58 52 67 8 
11 4 55 90 1 100 
65 4 92 39 76 27 
3 48 9 42 81 28 
28 29 34 62 76 8 
5 42 78 38 40 28 
38 61 54 3 61 97 
24 39 97 53 70 59 
69 10 26 96 77 92 
91 75 100 7 48 13 
4 7 85 43 69 25 
35 42 78 85 38 45 
95 74 70 42 53 77 
66 18 85 0 58 11 
68 3 80 66 63 9 
20 6 83 86 83 39 
70 23 36 67 5 27 
48 90 84 78 50 24 
6 67 34 85 51 37 
51 14 98 73 75 49 
55 20 85 93 43 44 
40 20 33 75 14 24 
22 72 4 7 74 39 
79 93 5 14 30 7 
49 3 18 44 60 64 
59 46 76 61 72 81 
4 66 6 58 71 45 
97 29 7 50 20 31 
69 67 11 13 10 23 
99 5 61 20 84 62 
24 58 0 65 44 52 
87 67 92 24 90 75 
49 2 61 97 8 25 
77 16 98 90 40 90 
98 90 19 5 70 34 
2 20 60 10 3 61 
4 56 40 49 55 46 
45 90 38 13 55 68 
100 19 3 6 34 64 
8 58 43 23 91 88 
90 97 24 95 100 88 
76 39 8 1 79 91 
17 84 96 58 35 36 
53 64 94 28 12 80 
100 86 52 31 87 3 
65 17 46 88 24 45 
80 62 9 58 89 11 
65 0 69 92 70 87 
16 14 75 74 89 21 
32 89 30 48 6 22 
3 30 13 6 18 2 
7 22 47 14 70 29 
38 52 76 21 22 74 
21 69 67 35 79 5 
72 48 64 24 59 9 
2 12 62 23 95 62 
75 78 66 63 35 19 
45 6 16 73 46 86 
40 16 94 25 24 65 
64 79 51 99 89 99 
50 81 60 59 59 100 
7 54 66 56 35 99 
9 78 89 43 65 68 
94 27 38 68 44 69 
0 50 34 92 69 41 
26 40 9 99 86 6 
75 74 31 55 53 71 
3 30 89 77 99 53 
72 16 92 85 84 92 
95 47 80 20 99 38 
89 66 55 60 59 13 
74 52 96 84 74 23 
17 13 9 21 49 36 
81 11 66 26 82 96 
63 16 37 19 45 2 
75 8 32 66 63 65 
38 29 23 66 85 66 
69 8 7 85 6 55 
77 51 32 22 52 43 
58 99 49 43 98 64 
19 3 52 92 50 0 
53 80 34 68 49 37 
25 21 2 60 39 13 
56 75 71 86 90 74 
23 45 4 89 70 93 
65 80 68 14 16 67 
8 45 57 29 24 84 
53 27 20 80 65 61 
25 14 4 27 20 54 
70 95 90 97 13 68 
29 100 95 61 3 55 
39 33 2 6 58 4 
95 59 71 71 52 49 
23 23 79 87 68 35 
85 4 97 73 95 43 
23 40 94 59 98 6 
23 78 75 50 86 80 
87 70 34 53 0 41 
25 34 21 43 67 73 
47 73 59 41 47 42 
83 4 53 45 28 38 
22 31 91 76 64 75 
82 65 23 85 9 83 
57 60 68 83 54 55 
57 1 71 30 29 18 
33 6 65 29 43 57 
13 74 81 84 17 44 
73 19 38 95 60 74 
41 83 17 90 92 20 
38 15 37 31 35 33 
49 7 2 82 54 27 
83 6 99 17 73 77 
10 12 14 22 20 27 
93 62 85 66 67 87 
92 80 41 0 10 59 
100 15 27 53 11 73 
80 93 58 97 13 3 
46 66 11 66 93 77 
46 92 89 66 97 12 
4 82 5 52 62 37 
97 32 89 68 31 70 
72 6 67 88 81 86 
16 94 47 30 82 17 
7 66 64 12 68 100 
23 58 60 33 63 36 
69 24 5 40 67 99 
80 75 45 3 35 10 
36 39 86 43 23 65 
44 65 70 48 72 59 
88 47 73 1 83 76 
16 63 92 16 69 34 
25 10 0 48 51 12 
86 69 20 63 74 78 
21 14 61 36 87 14 
23 91 36 51 55 60 
99 19 71 33 21 56 
87 79 45 53 28 82 
72 42 83 89 46 11 
80 90 42 37 55 23 
84 19 82 69 83 26 
23 24 85 90 89 95 
32 22 21 77 14 30 
50 73 100 16 47 82 
90 50 86 2 35 52 
74 23 58 5 61 7 
54 49 39 45 67 69 
70 46 93 28 26 9 
24 14 41 68 34 59 
48 0 53 15 70 83 
84 51 21 88 35 54 
74 18 16 41 48 40 
19 2 79 39 89 96 
54 29 6 71 98 100 
29 67 72 79 82 36 
100 37 51 43 21 41 
85 25 34 13 10 57 
12 63 20 86 45 27 
24 1 58 46 89 68 
74 37 9 53 19 9 
56 51 91 83 14 36 
42 39 36 37 87 43 
87 39 65 46 16 51 
77 34 27 92 36 83 
19 79 81 20 90 75 
26 49 21 100 51 53 
0 37 81 28 50 35 
19 75 12 54 60 88 
82 81 25 76 9 76 
15 94 52 69 70 64 
89 59 18 62 88 19 
71 90 17 21 42 39 
33 54 58 96 76 86 
6 69 35 94 66 54 
9 78 17 42 70 40 
82 34 17 38 5 79 
23 4 97 19 90 75 
43 24 19 24 10 35 
81 83 70 9 6 75 
11 88 85 73 4 2 
43 42 37 84 87 40 
80 6 75 74 40 37 
43 15 12 15 37 0 
8 63 99 18 10 15 
53 5 80 43 54 8 
53 35 75 44 78 78 
48 93 99 30 72 89 
14 97 61 24 29 99 
37 69 66 76 81 58 
91 37 46 56 34 98 
73 78 93 1 96 1 
2 5 8 55 53 83 
27 28 43 99 5 100 
43 84 42 66 75 47 
32 62 5 87 3 70 
1 84 46 74 97 68 
11 28 81 47 4 64 
36 94 70 37 15 83 
49 89 9 25 67 27 
86 70 81 8 0 6 
31 47 15 22 24 3 
79 83 94 69 84 47 
23 7 22 34 79 27 
84 96 67 11 63 1 
96 99 64 73 40 22 
23 3 3 50 56 87 
92 63 30 42 83 67 
86 71 89 21 51 14 
6 96 16 81 60 51 
37 86 57 91 68 36 
80 32 55 80 81 99 
83 86 47 28 37 11 
78 70 36 23 8 14 
50 79 14 11 3 92 
20 95 13 86 2 21 
99 21 73 53 69 83 
28 63 6 0 53 38 
24 30 39 13 99 3 
4 43 42 18 75 41 
53 66 70 73 68 11 
44 44 38 88 71 90 
17 13 3 96 43 48 
33 90 15 61 36 45 
53 93 80 7 25 25 
13 39 86 76 47 16 
89 32 51 43 76 75 
14 82 70 53 72 96 
48 90 46 10 25 1 
69 6 95 92 74 57 
4 8 14 79 22 97 
49 98 8 98 100 64 
18 83 61 32 86 2 
47 11 20 84 50 99 
31 53 0 59 90 87 
51 95 54 52 96 57 
1 86 20 35 40 66 
13 92 18 65 57 14 
72 83 86 57 97 9 
85 42 34 17 3 32 
37 32 75 83 21 83 
36 76 39 79 86 65 
18 25 55 93 87 20 
69 53 54 56 57 12 
48 21 72 28 27 43 
94 100 77 70 77 40 
69 31 49 83 45 62 
55 64 70 84 23 26 
7 22 79 4 57 39 
97 89 6 60 73 73 
63 51 35 18 47 38 
59 0 15 3 95 85 
93 40 23 6 44 94 
98 34 15 29 76 72 
80 8 17 68 77 79 
72 87 18 48 7 15 
99 1 31 10 96 60 
67 16 98 28 13 88 
86 87 34 81 67 77 
79 100 49 79 75 7 
10 54 48 40 69 66 
45 76 36 16 51 46 
12 98 24 38 86 80 
42 98 62 57 24 86 
58 18 67 54 16 14 
1 87 75 70 8 30 
75 39 59 80 74 21 
19 10 15 24 90 15 
0 96 89 24 67 77 
88 15 81 89 74 24 
19 32 69 100 48 26 
68 59 25 83 71 30 
99 80 31 75 62 85 
75 88 7 91 82 65 
63 95 27 27 42 79 
72 79 33 43 63 41 
43 13 33 48 62 91 
33 37 38 54 23 79 
1 71 30 44 48 87 
58 62 99 37 72 34 
90 40 9 33 19 14 
96 86 81 52 8 32 
41 23 25 48 74 13 
41 93 78 88 75 15 
22 30 87 3 96 0 
68 72 7 79 69 28 
59 26 67 20 80 55 
63 96 82 95 42 90 
4 50 8 1 42 27 
70 25 69 19 9 81 
45 62 42 39 64 49 
74 48 12 14 68 27 
11 74 40 92 51 86 
43 24 59 72 39 82 
14 20 17 53 28 88 
66 82 47 39 77 1 
4 71 12 25 6 91 
71 38 61 72 45 39 
83 60 61 46 47 36 
77 6 31 56 47 58 
21 35 12 53 24 39 
51 95 89 68 0 59 
26 12 20 11 55 89 
31 94 59 74 50 80 
76 7 60 90 89 50 
1 83 9 35 33 16 
96 62 95 35 51 15 
27 33 35 60 33 87 
90 36 94 5 24 67 
55 42 23 25 17 74 
95 36 54 58 12 46 
87 66 31 27 98 60 
94 33 13 70 83 69 
12 63 73 9 55 14 
3 2 61 48 82 10 
10 99 80 67 16 22 
55 75 42 97 14 54 
54 5 3 13 95 85 
24 72 59 0 47 74 
63 70 91 31 38 93 
90 32 11 55 91 33 
53 65 98 20 77 80 
38 81 46 15 26 64 
19 31 40 56 50 24 
13 2 11 93 84 77 
90 33 73 69 100 62 
28 52 78 83 36 46 
12 76 4 88 96 94 
70 98 49 9 4 94 
47 36 86 7 42 14 
90 32 80 78 82 43 
59 27 6 39 17 9 
83 5 98 3 53 71 
83 13 61 74 60 80 
79 99 54 93 67 7 
26 47 0 55 82 10 
95 39 39 28 11 12 
89 34 45 96 52 51 
32 71 48 17 35 79 
5 2 59 58 72 79 
61 13 26 66 65 25 
68 77 84 18 46 24 
54 99 92 6 88 2 
74 63 15 37 17 61 
43 56 57 42 84 67 
3 2 12 92 28 87 
35 91 22 31 92 7 
18 42 92 33 94 21 
23 67 82 4 80 27 
90 30 71 86 4 3 
36 18 88 43 83 3 
52 40 77 79 12 74 
55 0 12 45 49 30 
56 81 71 36 34 40 
93 44 12 72 17 17 
32 69 47 97 67 18 
64 92 95 61 68 38 
71 72 76 77 21 38 
57 16 57 79 100 96 
93 55 12 34 72 66 
39 68 82 88 37 53 
87 38 96 25 95 80 
95 30 27 16 30 100 
70 40 74 11 39 2 
70 20 34 1 18 38 
94 67 58 48 40 13 
3 90 53 46 87 16 
82 54 94 4 96 23 
88 69 20 63 82 12 
0 54 15 64 75 21 
17 37 1 70 64 56 
2 32 84 27 11 1 
58 73 68 51 73 20 
45 50 43 56 69 78 
89 99 67 77 79 7 
28 43 16 49 90 30 
10 50 18 1 81 20 
37 95 89 73 9 60 
4 94 70 99 100 44 
75 70 80 85 73 29 
9 70 97 31 19 64 
49 99 45 2 37 28 
52 90 90 6 30 74 
45 66 14 41 81 8 
69 43 57 6 15 28 
11 70 10 45 54 0 
68 5 13 67 54 36 
20 70 80 61 13 44 
60 64 69 1 91 69 
10 45 75 16 32 77 
5 39 67 97 88 83 
12 55 5 16 1 2 
66 81 69 4 55 23 
7 32 73 90 79 25 
61 10 40 2 1 76 
59 23 62 55 61 47 
29 82 41 30 91 57 
65 72 68 85 5 78 
2 57 8 72 67 84 
98 18 89 23 28 11 
23 48 25 53 84 42 
1 44 81 59 55 91 
95 49 15 68 0 57 
22 22 72 81 84 40 
2 76 17 69 60 44 
41 95 71 1 69 64 
21 17 60 7 78 92 
1 42 42 65 96 72 
98 89 7 58 1 79 
13 84 97 34 61 18 
3 21 85 76 6 56 
53 76 95 9 58 89 
71 65 6 65 61 21 
79 46 7 3 66 59 
85 89 20 91 58 79 
91 55 8 78 90 2 
77 45 38 66 91 40 
76 35 47 18 86 94 
89 26 89 31 39 30 
64 5 57 0 46 11 
42 29 69 70 8 54 
66 91 40 5 96 79 
35 41 30 88 20 39 
51 96 62 68 89 90 
56 3 90 65 52 48 
28 26 30 47 8 4 
68 97 63 70 62 81 
94 98 56 51 29 53 
93 56 85 43 34 70 
93 24 11 65 58 40 
43 53 89 45 10 7 
96 56 9 6 5 96 
11 50 19 7 99 4 
22 93 36 19 9 75 
23 75 20 98 74 67 
31 38 39 56 75 13 
22 46 0 2 96 22 
92 28 63 27 89 48 
42 73 39 65 72 29 
47 1 40 11 39 62 
92 9 71 57 11 82 
8 95 30 53 36 36 
100 37 15 98 69 42 
34 18 87 63 54 11 
57 31 27 77 56 31 
96 66 50 36 27 96 
47 28 82 97 34 33 
97 71 15 62 26 88 
21 42 7 71 4 24 
5 22 53 89 31 77 
51 2 76 44 7 41 
35 34 24 20 94 93 
28 81 21 67 22 11 
2 0 38 35 91 50 
35 30 25 75 8 42 
92 10 16 100 66 89 
1 31 15 27 82 70 
45 90 81 1 97 42 
21 77 22 48 84 26 
92 63 76 98 11 79 
81 44 36 100 47 68 
38 41 99 1 73 19 
63 92 73 27 12 98 
39 62 88 3 36 35 
72 62 100 21 23 94 
97 12 55 6 70 47 
72 70 91 46 55 79 
15 78 22 53 40 15 
19 80 59 90 11 71 
17 54 72 42 96 38 
0 34 85 44 30 16 
91 93 78 58 94 21 
51 72 82 64 76 61 
28 16 23 32 77 29 
23 64 94 87 2 58 
54 48 85 6 2 54 
35 52 15 46 98 87 
26 51 87 90 48 89 
97 48 27 37 4 90 
79 69 66 10 30 30 
27 21 81 56 14 58 
7 74 61 16 3 38 
90 67 34 14 16 93 
76 92 60 39 94 78 
34 66 66 29 32 55 
74 32 12 36 37 36 
81 29 22 35 34 0 
72 95 30 35 12 91 
26 27 17 55 25 96 
34 56 51 48 12 36 
53 15 22 70 51 40 
58 76 53 51 8 82 
61 93 37 20 25 13 
74 70 14 9 6 86 
31 78 50 44 96 18 
72 71 51 16 30 1 
85 71 24 18 44 1 
25 7 72 34 30 40 
76 8 47 98 1 34 
2 70 92 65 64 89 
99 89 52 48 79 70 
13 76 69 63 50 11 
89 34 1 20 84 69 
92 91 85 72 0 98 
10 74 57 89 25 17 
73 23 22 87 35 97 
74 25 93 2 47 79 
97 63 3 93 15 59 
47 17 47 6 54 34 
76 2 14 33 26 8 
67 58 59 19 35 23 
57 55 73 99 54 55 
62 17 24 52 21 64 
77 95 5 97 59 37 
62 22 93 99 61 53 
99 48 100 85 20 29 
85 80 75 66 19 96 
69 93 27 73 92 72 
100 96 80 55 34 40 
70 70 40 70 28 50 
44 95 98 0 
