50
82 36 9 52 26 55 76 96 30 50 3 51 47 60 54 84 70 33 99 94 55 51 92 77 7 40 6 22 66 30 16 75 58 74 82 71 88 42 83 81 55 25 28 47 84 37 83 53 11 
0 53 42 29 52 59 73 40 19 58 52 
55 12 51 16 54 59 47 42 67 31 75 
45 57 83 40 60 22 34 35 38 38 52 
50 50 43 45 15 9 26 42 54 73 25 
58 52 43 53 44 31 
53 0 69 62 97 107 76 14 35 103 101 
85 40 87 38 74 101 78 78 60 55 73 
10 79 88 82 49 63 49 86 23 16 99 
30 89 38 8 68 49 41 78 104 66 71 
40 75 82 24 87 57 
42 69 0 12 86 89 115 56 53 92 82 
97 43 91 51 96 96 88 83 107 74 116 
68 99 126 79 97 21 20 66 46 63 84 
83 89 80 62 40 34 65 83 82 112 25 
93 94 83 83 81 13 
29 62 12 0 75 79 102 47 41 81 72 
84 31 79 39 84 84 76 71 94 61 103 
58 86 113 67 85 9 16 55 39 53 73 
72 76 68 54 28 21 53 70 72 100 15 
82 81 71 72 69 6 
52 97 86 75 0 11 68 88 63 6 9 
29 62 19 61 42 10 27 22 75 44 74 
87 40 72 15 75 65 85 19 89 81 5 
79 14 68 91 46 61 57 23 15 77 61 
80 38 18 85 9 79 
59 107 89 79 11 0 79 97 72 10 7 
40 70 31 70 54 17 39 34 87 56 85 
97 51 82 26 87 69 91 24 97 91 7 
90 26 79 100 51 68 67 35 8 89 64 
92 49 30 96 21 84 
73 76 115 102 68 79 0 77 63 70 77 
39 72 48 64 26 64 41 47 17 42 6 
67 28 12 57 27 95 101 75 86 65 74 
45 54 40 75 82 81 50 47 84 14 98 
37 30 51 51 61 102 
40 14 56 47 88 97 77 0 25 94 90 
80 27 80 26 70 93 72 71 63 48 75 
13 75 89 73 52 49 35 74 10 11 89 
34 81 37 6 54 35 34 70 93 69 56 
44 71 74 30 78 42 
19 35 53 41 63 72 63 25 0 69 65 
57 9 56 2 50 68 49 46 54 26 64 
26 54 75 48 44 37 37 50 27 19 64 
32 56 27 28 34 20 13 46 69 59 42 
41 49 49 34 53 39 
58 103 92 81 6 10 70 94 69 0 12 
30 69 21 67 45 6 31 27 78 50 76 
93 42 72 20 79 71 92 26 95 87 9 
84 17 73 97 52 68 62 27 17 80 67 
85 40 22 90 15 86 
52 101 82 72 9 7 77 90 65 12 0 
39 63 29 63 51 18 36 31 83 50 83 
91 49 81 22 82 62 84 16 90 84 3 
85 24 74 93 43 61 61 31 6 86 57 
87 47 26 90 16 77 
55 85 97 84 29 40 39 80 57 30 39 
0 61 9 56 15 24 8 14 48 31 45 
75 11 42 21 51 75 90 40 85 70 35 
60 15 50 81 58 65 46 14 45 50 74 
58 11 15 67 24 86 
12 40 43 31 62 70 72 27 9 69 63 
61 0 59 7 56 69 52 49 63 32 72 
33 60 83 49 54 27 29 47 27 26 63 
41 58 37 32 27 11 22 49 66 69 33 
51 55 51 43 53 30 
51 87 91 79 19 31 48 80 56 21 29 
9 59 0 55 23 16 9 9 56 32 54 
77 20 52 13 57 70 86 31 84 71 25 
65 5 53 82 51 61 46 9 35 58 68 
64 18 8 71 14 82 
16 38 51 39 61 70 64 26 2 67 63 
56 7 55 0 50 67 48 45 55 26 65 
29 54 76 47 46 34 36 48 29 22 62 
34 55 29 30 31 18 14 45 67 61 40 
43 49 48 36 51 37 
54 74 96 84 42 54 26 70 50 45 51 
15 56 23 50 0 39 15 21 33 24 31 
64 4 32 30 36 75 86 49 77 60 48 
47 28 37 71 60 63 37 21 58 35 76 
44 4 25 54 35 85 
59 101 96 84 10 17 64 93 68 6 18 
24 69 16 67 39 0 26 23 73 47 70 
91 36 66 19 74 74 94 29 95 85 15 
81 13 69 95 55 69 60 24 24 74 71 
81 35 19 87 15 88 
47 78 88 76 27 39 41 72 49 31 36 
8 52 9 48 15 26 0 6 47 23 46 
68 14 46 15 48 67 81 34 76 63 33 
55 13 44 73 49 57 38 6 42 49 66 
54 10 10 62 20 78 
42 78 83 71 22 34 47 71 46 27 31 
14 49 9 45 21 23 6 0 52 23 52 
68 20 53 9 52 61 77 27 74 62 27 
57 10 46 73 43 52 37 0 36 55 60 
58 17 4 63 14 73 
67 60 107 94 75 87 17 63 54 78 83 
48 63 56 55 33 73 47 52 0 38 13 
52 37 29 61 11 89 91 77 73 51 80 
29 61 27 60 79 73 41 52 89 6 92 
20 37 57 35 66 93 
31 55 74 61 44 56 42 48 26 50 50 
31 32 32 26 24 47 23 23 38 0 44 
44 27 52 29 34 53 62 40 54 39 48 
34 34 23 50 41 40 14 23 56 43 56 
37 23 27 40 35 61 
75 73 116 103 74 85 6 75 64 76 83 
45 72 54 65 31 70 46 52 13 44 0 
64 34 16 62 23 97 101 79 85 63 79 
42 59 38 73 85 82 50 52 89 8 100 
33 36 57 48 66 103 
45 10 68 58 87 97 67 13 26 93 91 
75 33 77 29 64 91 68 68 52 44 64 
0 69 79 72 41 58 47 77 23 7 89 
22 78 28 8 60 43 30 68 95 58 65 
32 65 72 17 77 54 
57 79 99 86 40 51 28 75 54 42 49 
11 60 20 54 4 36 14 20 37 27 34 
69 0 32 29 40 78 89 48 81 64 46 
52 25 42 75 62 66 41 20 56 38 78 
48 4 24 59 33 88 
83 88 126 113 72 82 12 89 75 72 81 
42 83 52 76 32 66 46 53 29 52 16 
79 32 0 62 39 106 113 81 98 78 77 
57 57 52 87 91 92 61 53 87 24 107 
49 36 56 64 66 113 
40 82 79 67 15 26 57 73 48 20 22 
21 49 13 47 30 19 15 9 61 29 62 
72 29 62 0 60 57 75 19 76 66 19 
63 9 52 76 39 50 42 9 28 64 55 
65 26 5 69 5 70 
60 49 97 85 75 87 27 52 44 79 82 
51 54 57 46 36 74 48 52 11 34 23 
41 40 39 60 0 81 81 74 62 40 79 
18 61 17 49 72 65 33 52 88 16 85 
9 39 56 24 66 84 
22 63 21 9 65 69 95 49 37 71 62 
75 27 70 34 75 74 67 61 89 53 97 
58 78 106 57 81 0 24 45 42 52 63 
69 67 64 55 19 16 47 61 62 94 8 
78 73 61 70 59 15 
34 49 20 16 85 91 101 35 37 92 84 
90 29 86 36 86 94 81 77 91 62 101 
47 89 113 75 81 24 0 67 25 43 85 
65 84 63 41 40 24 51 77 85 97 31 
75 85 78 63 78 10 
35 86 66 55 19 24 75 74 50 26 16 
40 47 31 48 49 29 34 27 77 40 79 
77 48 81 19 74 45 67 0 74 70 17 
73 26 63 78 27 44 48 28 18 81 41 
77 44 24 78 17 60 
38 23 46 39 89 97 86 10 27 95 90 
85 27 84 29 77 95 76 74 73 54 85 
23 81 98 76 62 42 25 74 0 21 90 
44 84 46 16 51 31 39 74 93 79 50 
55 77 77 41 80 33 
38 16 63 53 81 91 65 11 19 87 84 
70 26 71 22 60 85 63 62 51 39 63 
7 64 78 66 40 52 43 70 21 0 83 
22 72 25 10 53 36 24 62 88 57 59 
33 60 66 20 71 49 
52 99 84 73 5 7 74 89 64 9 3 
35 63 25 62 48 15 33 27 80 48 79 
89 46 77 19 79 63 85 17 90 83 0 
82 20 71 92 44 61 59 28 10 83 59 
84 43 23 88 13 78 
50 30 83 72 79 90 45 34 32 84 85 
60 41 65 34 47 81 55 57 29 34 42 
22 52 57 63 18 69 65 73 44 22 82 
0 67 11 30 64 53 25 57 90 35 74 
10 49 61 7 69 69 
50 89 89 76 14 26 54 81 56 17 24 
15 58 5 55 28 13 13 10 61 34 59 
78 25 57 9 61 67 84 26 84 72 20 
67 0 56 83 48 60 48 10 30 63 65 
68 23 6 74 9 80 
43 38 80 68 68 79 40 37 27 73 74 
50 37 53 29 37 69 44 46 27 23 38 
28 42 52 52 17 64 63 63 46 25 71 
11 56 0 35 57 47 16 45 79 33 68 
15 39 50 17 58 66 
45 8 62 54 91 100 75 6 28 97 93 
81 32 82 30 71 95 73 73 60 50 73 
8 75 87 76 49 55 41 78 16 10 92 
30 83 35 0 59 41 35 72 97 66 62 
41 71 76 26 81 49 
15 68 40 28 46 51 82 54 34 52 43 
58 27 51 31 60 55 49 43 79 41 85 
60 62 91 39 72 19 40 27 51 53 44 
64 48 57 59 0 19 40 43 44 84 16 
72 57 43 67 40 33 
9 49 34 21 61 68 81 35 20 68 61 
65 11 61 18 63 69 57 52 73 40 82 
43 66 92 50 65 16 24 44 31 36 61 
53 60 47 41 19 0 32 52 63 79 22 
62 61 53 54 54 21 
26 41 65 53 57 67 50 34 13 62 61 
46 22 46 14 37 60 38 37 41 14 50 
30 41 61 42 33 47 51 48 39 24 59 
25 48 16 35 40 32 0 37 66 47 52 
31 37 41 29 47 52 
42 78 83 70 23 35 47 70 46 27 31 
14 49 9 45 21 24 6 0 52 23 52 
68 20 53 9 52 61 77 28 74 62 28 
57 10 45 72 43 52 37 0 37 55 60 
57 17 4 63 14 73 
54 104 82 72 15 8 84 93 69 17 6 
45 66 35 67 58 24 42 36 89 56 89 
95 56 87 28 88 62 85 18 93 88 10 
90 30 79 97 44 63 66 37 0 92 57 
92 53 32 95 22 77 
73 66 112 100 77 89 14 69 59 80 86 
50 69 58 61 35 74 49 55 6 43 8 
58 38 24 64 16 94 97 81 79 57 83 
35 63 33 66 84 79 47 55 92 0 98 
25 39 59 41 69 99 
25 71 25 15 61 64 98 56 42 67 57 
74 33 68 40 76 71 66 60 92 56 100 
65 78 107 55 85 8 31 41 50 59 59 
74 65 68 62 16 22 52 60 57 98 0 
83 73 60 76 56 22 
58 40 93 82 80 92 37 44 41 85 87 
58 51 64 43 44 81 54 58 20 37 33 
32 48 49 65 9 78 75 77 55 33 84 
10 68 15 41 72 62 31 57 92 25 83 
0 47 62 15 71 79 
52 75 94 81 38 49 30 71 49 40 47 
11 55 18 49 4 35 10 17 37 23 36 
65 4 36 26 39 73 85 44 77 60 43 
49 23 39 71 57 61 37 17 53 39 73 
47 0 21 56 30 83 
43 82 83 71 18 30 51 74 49 22 26 
15 51 8 48 25 19 10 4 57 27 57 
72 24 56 5 56 61 78 24 77 66 23 
61 6 50 76 43 53 41 4 32 59 60 
62 21 0 68 9 74 
53 24 83 72 85 96 51 30 34 90 90 
67 43 71 36 54 87 62 63 35 40 48 
17 59 64 69 24 70 63 78 41 20 88 
7 74 17 26 67 54 29 63 95 41 76 
15 56 68 0 75 69 
44 87 81 69 9 21 61 78 53 15 16 
24 53 14 51 35 15 20 14 66 35 66 
77 33 66 5 66 59 78 17 80 71 13 
69 9 58 81 40 54 47 14 22 69 56 
71 30 9 75 0 73 
31 57 13 6 79 84 102 42 39 86 77 
86 30 82 37 85 88 78 73 93 61 103 
54 88 113 70 84 15 10 60 33 49 78 
69 80 66 49 33 21 52 73 77 99 22 
79 83 74 69 73 0 