2
50
0.422325 0.139687 -0.211201
0.361542 0.316984 0.077870
0.504488 0.810565 0.736125
0.821118 0.765668 0.662463
0.633111 0.127138 -0.384025
0.944705 0.571063 0.300225
0.635211 0.498263 0.221418
0.617331 0.503162 0.234919
0.691576 0.656630 0.472987
0.024075 0.135277 0.114461
0.477653 0.867467 0.822120
0.718897 0.384473 0.002315
0.880879 0.920798 0.960611
0.488897 0.088076 -0.338517
0.917306 0.805193 0.749835
0.554727 0.898394 0.870046
0.262367 0.801089 0.751901
0.617295 0.481331 0.199623
0.565255 0.425568 0.130490
0.950802 0.982665 1.103103
0.330451 0.964708 0.959027
0.488601 0.438559 0.183448
0.468085 0.332714 0.037274
0.013741 0.071558 0.058800
0.551523 0.609448 0.421588
0.976468 0.556530 0.271438
0.235181 0.030183 -0.195738
0.080852 0.529699 0.491763
0.446410 0.001988 -0.428855
0.350425 0.854728 0.810950
0.528984 0.870088 0.825694
0.247038 0.758005 0.700728
0.948352 0.914344 0.969009
0.106887 0.053528 -0.047434
0.960768 0.664206 0.482722
0.681395 0.434791 0.101178
0.764006 0.248817 -0.252905
0.773065 0.897960 0.893809
0.926923 0.118691 -0.571068
0.815599 0.173436 -0.413246
0.649736 0.818483 0.745305
0.453859 0.987206 0.996821
0.851596 0.955218 1.016344
0.168791 0.727535 0.682346
0.014678 0.466487 0.458657
0.360639 0.190805 -0.093256
0.924449 0.092656 -0.619978
0.088785 0.341205 0.282831
0.648716 0.909513 0.895365
0.322483 0.935658 0.920470
