2
50
0.759445 0.538564 1.049495
0.525370 0.008319 0.525440
0.869445 0.310680 0.965967
0.910288 0.418797 1.085679
0.052163 0.087360 0.059794
0.587144 0.819924 1.259420
0.604697 0.810052 1.260882
0.659612 0.981503 1.622960
0.848954 0.693342 1.329678
0.823606 0.390004 0.975709
0.359073 0.339061 0.474036
0.194198 0.541312 0.487216
0.142559 0.204995 0.184582
0.933006 0.172275 0.962685
0.624676 0.602984 0.988266
0.216336 0.395768 0.372969
0.835392 0.272690 0.909752
0.494517 0.892458 1.290998
0.130626 0.312607 0.228349
0.432160 0.784462 1.047540
0.843552 0.741745 1.393737
0.261825 0.086573 0.269320
0.524626 0.674101 0.979038
0.676407 0.597315 1.033192
0.608974 0.209835 0.653005
0.559880 0.032214 0.560918
0.599595 0.378939 0.743190
0.327285 0.080729 0.333802
0.311095 0.848034 1.030256
0.134433 0.769510 0.726578
0.748597 0.501700 1.000300
0.052486 0.890225 0.844987
0.534172 0.470565 0.755603
0.713634 0.466213 0.930989
0.751451 0.684355 1.219794
0.683921 0.876088 1.451452
0.487225 0.777683 1.092016
0.421681 0.430965 0.607412
0.626186 0.963110 1.553767
0.610318 0.758187 1.185165
0.120137 0.494285 0.364454
0.070987 0.806315 0.721132
0.664374 0.291949 0.749608
0.909822 0.524738 1.185172
0.306863 0.511399 0.568392
0.296894 0.292321 0.382346
0.171873 0.255023 0.236910
0.112759 0.725782 0.639519
0.965946 0.608225 1.335883
0.797646 0.747681 1.356673
