4
50
0.456465 0.735946 0.771059 0.607749 1.104962
0.270468 0.701696 0.312349 0.759515 0.923586
0.424970 0.647436 0.234270 0.161911 0.698411
0.024641 0.043316 0.089133 0.726953 1.040287
0.806229 0.190735 0.239424 0.224363 0.467677
0.042854 0.972289 0.758909 0.701413 1.094544
0.783329 0.935597 0.180384 0.107965 0.640051
0.400621 0.939797 0.794794 0.005169 0.580572
0.012354 0.253902 0.634080 0.875578 1.513909
0.252610 0.325175 0.173299 0.008442 0.781268
0.781482 0.416035 0.540739 0.871617 1.006808
0.292222 0.482196 0.079254 0.760204 0.799056
0.567223 0.591617 0.731832 0.702405 1.142369
0.291993 0.542099 0.403666 0.487564 0.923869
0.329425 0.114300 0.825485 0.714898 1.297766
0.587122 0.240687 0.481600 0.260274 0.683867
0.502395 0.863677 0.849488 0.656574 1.159779
0.857791 0.370017 0.885989 0.801220 1.203191
0.171085 0.950012 0.369185 0.363667 0.708215
0.719558 0.245804 0.037886 0.852583 0.520061
0.629597 0.451912 0.697518 0.101563 0.666159
0.170004 0.653816 0.613109 0.932273 1.307319
0.428563 0.134687 0.628436 0.748958 1.103774
0.471037 0.102393 0.255725 0.632911 0.751033
0.660080 0.745618 0.690126 0.882299 1.222554
0.163419 0.569331 0.823185 0.994848 1.591552
0.581366 0.341402 0.124178 0.891599 0.702316
0.919987 0.338265 0.632441 0.043375 0.486370
0.235613 0.797900 0.945912 0.314047 0.949828
0.992357 0.487764 0.947168 0.739105 1.230159
0.612930 0.817000 0.262487 0.290477 0.686156
0.516870 0.598085 0.136187 0.843563 0.756269
0.382238 0.831703 0.400140 0.567719 0.845695
0.246155 0.434457 0.219781 0.568903 0.895400
0.093953 0.272294 0.431511 0.179881 0.972545
0.568465 0.239759 0.697372 0.893031 1.192126
0.677492 0.175905 0.994526 0.668847 1.142087
0.789367 0.239680 0.638244 0.770410 0.942412
0.705690 0.584587 0.206715 0.093670 0.617281
0.605930 0.866635 0.186820 0.862657 0.764150
0.822560 0.063760 0.098719 0.333100 0.350407
0.444337 0.834944 0.797410 0.081772 0.677562
0.399577 0.985860 0.718987 0.846601 1.165740
0.348029 0.928368 0.459990 0.894415 0.992616
0.860833 0.473728 0.796077 0.336389 0.807080
0.325516 0.601222 0.763855 0.743480 1.268466
0.174177 0.121450 0.610568 0.377073 1.070719
0.523873 0.848818 0.467880 0.206818 0.702072
0.181972 0.502249 0.968531 0.670082 1.435923
0.224046 0.358534 0.770566 0.770933 1.388619
