3
50
0.203396 0.582929 0.554773 1.074362
0.989808 0.740070 0.657359 1.120335
0.208801 0.425369 0.770572 1.192824
0.180965 0.656939 0.692432 1.188062
0.021965 0.331919 0.950781 1.470360
0.855611 0.724406 0.303981 0.911395
0.580806 0.980459 0.456146 1.126584
0.870609 0.744126 0.455595 0.988687
0.277977 0.221887 0.514190 0.922352
0.003956 0.893504 0.178792 1.015604
0.793095 0.916617 0.950424 1.499081
0.876608 0.824130 0.689763 1.201036
0.823595 0.882064 0.929123 1.454676
0.117188 0.775880 0.180993 0.990428
0.907127 0.111475 0.051354 0.314704
0.360408 0.582305 0.742146 1.145011
0.437826 0.941368 0.698853 1.242160
0.912695 0.317049 0.913838 0.944025
0.292533 0.673755 0.508189 1.040600
0.445211 0.815676 0.211550 0.954960
0.436746 0.575605 0.137251 0.837834
0.409900 0.815789 0.193165 0.954588
0.128155 0.057393 0.572281 1.047724
0.038896 0.406081 0.447601 1.078743
0.273559 0.626387 0.892938 1.325659
0.405793 0.928518 0.476425 1.097660
0.556797 0.732026 0.816151 1.230253
0.154237 0.928939 0.681436 1.230674
0.123709 0.398491 0.492284 1.049502
0.038031 0.071067 0.334215 1.021048
0.256460 0.529807 0.171693 0.896992
0.874223 0.846864 0.367215 1.041481
0.255623 0.837284 0.540171 1.110586
0.892282 0.374251 0.432881 0.650578
0.331126 0.222635 0.559377 0.909100
0.651951 0.307575 0.529286 0.737097
0.921105 0.850911 0.413502 1.074211
0.776969 0.372347 0.981897 1.107749
0.758492 0.817706 0.238475 0.960965
0.824236 0.757501 0.443433 0.990248
0.622335 0.282780 0.810339 0.938952
0.295731 0.729611 0.408312 1.008841
0.157976 0.474437 0.258421 0.951206
0.878816 0.116514 0.602972 0.519639
0.169363 0.053810 0.558478 1.000518
0.868305 0.848908 0.267504 1.009868
0.510972 0.568410 0.312995 0.850798
0.628710 0.284166 0.904257 1.026507
0.516646 0.948415 0.391393 1.073595
0.571690 0.606633 0.672252 1.040096
