15767
15548
17326
19325
19280
17399
19922
19351
17486
18287
16261
14564
14968
14540
16387
14986
17072
16233
16388
17466
15145
14657
13240
12059
13717
12259
13545
13493
14117
15053
16487
16262
14392
13511
12808
11680
11112
10541
12441
12708
13388
13965
15365
14317
13719
13927
13182
12747
13376
13009
15417
15403
15830
16154
15973
15456
14274
14540
13598
13286
13198
12962
13969
14179
15557
15626
16965
17302
17201
17038
15916
15249
15451
14834
17932
17155
18287
18018
18350
18283
17025
18276
16725
14903
