99099
94179
104861
107029
112448
109074
112224
108945
91264
101354
95642
87057
91032
85064
101527
90378
100532
97356
102180
105069
91002
95755
89862
82621
84334
76295
80409
83863
83365
85241
96391
87784
78869
87003
81637
75196
75470
70007
80019
75464
79832
82420
87867
79752
80612
83467
79405
73935
72939
68811
78324
75161
80411
83528
86720
81325
76944
84485
81658
77959
74661
73076
76850
77139
86915
85761
93612
90046
84897
87910
81545
82117
78616
75528
89105
82377
91023
88973
96292
91888
86261
92852
87921
80564
