0 3319559 785310 4224325
1 1318569 2216 3590216
2 399611 2029 2294761
3 82731 2027 575324
4 26862 1867 546990
5 2026 1879 2196
7 1922 1711 2134
8 1890 1651 2076
9 1858 1618 2026
10 1827 1716 1984
11 1813 1684 1949
12 1766 1644 1858
13 1748 1480 1865
14 1730 1624 1825
15 1682 1580 1801
16 1643 1460 1798
19 1621 1438 1760
21 1613 1492 1760
22 1608 1468 1765
25 1590 1414 1717
26 1570 1363 1710
27 1543 1409 1699
29 1491 1397 1657
35 1418 1382 1475
37 1397 1241 1569
62 1214 1214 1214
182 1201 1184 1219
183 1181 1176 1187
185 1142 1142 1142
261 1140 1140 1140
272 1133 1133 1133
625 1127 1127 1127
853 1120 1120 1120
