0 8217700 175736 9730107
1 6477792 2179 9154109
2 4887181 2244 7425743
3 3992824 2185 5849548
4 2799761 2114 4823078
5 2082333 2501 3909313
6 1669706 582771 3272486
7 1150946 115164 2012074
8 704877 71853 1375373
9 299078 2144 756248
10 165011 2110 461771
11 127315 2103 409682
12 85979 2152 422786
13 26116 2140 244980
14 2351 2060 2626
15 2237 2030 2554
16 2172 1910 2311
17 2141 1944 2381
18 2096 1887 2359
21 2079 1808 2405
23 2019 1841 2362
25 1998 1800 2141
26 1964 1713 2062
29 1954 1825 2096
31 1899 1800 2020
32 1836 1716 1922
34 1706 1706 1706
50 1683 1577 1792
53 1635 1526 1715
74 1626 1494 1755
78 1594 1449 1801
79 1511 1387 1697
81 1422 1422 1422
98 1390 1390 1390
197 1340 1340 1340
200 1305 1305 1305
209 1200 1200 1200
228 1197 1197 1197
497 1188 1188 1188
598 1184 1184 1184
613 1159 1159 1159
615 1140 1140 1140
616 1110 1110 1110
