0 8779404 1587534 9730023
1 6100604 2297 7963157
2 4616128 2729 6828369
3 4052231 2459 5802130
4 3325832 98058 4671375
5 3004395 2372 5416260
6 2501516 2752 4511085
7 1830129 2212 3263882
8 1507713 2135 3480312
9 1241608 2086 2211222
10 1192353 400823 1882247
11 1118763 435436 1648158
12 879116 236344 1379577
13 672037 2043 1301706
14 502704 54683 942085
18 422472 11275 1132900
19 403063 123669 998798
20 267247 2534 747357
21 256605 1962 660823
22 88953 1950 517883
31 76800 1845 370585
32 7387 1842 37302
33 2172 1823 2477
36 2101 1871 2263
38 2059 1829 2308
39 1996 1822 2227
44 1947 1660 2201
45 1865 1546 2169
52 1718 1368 2076
72 1665 1580 1730
80 1532 1510 1554
88 1517 1509 1526
92 1464 1421 1508
93 1388 1388 1388
108 1350 1350 1350
145 1262 1224 1300
162 1219 1219 1219
181 1179 1173 1185
231 1061 1061 1061
729 1051 1051 1051
730 1048 1048 1048
733 1008 1008 1008
