0 5853860 2448 8304777
1 3437021 2167 5689416
2 1639281 2008 4532643
3 733319 2180 2419331
4 167007 1855 985738
5 16601 2051 214890
6 2220 1969 2584
7 2146 1891 2352
8 2078 1834 2279
9 2034 1717 2265
10 1998 1757 2246
12 1978 1723 2126
13 1941 1743 2070
14 1882 1739 2060
15 1847 1705 2005
18 1803 1644 2017
20 1783 1607 1986
22 1750 1565 1940
24 1735 1573 1854
25 1722 1526 1897
26 1705 1593 1861
27 1652 1495 1815
29 1640 1468 1843
31 1619 1449 1724
33 1612 1424 1739
37 1541 1431 1662
41 1533 1372 1603
49 1523 1497 1549
50 1512 1474 1540
54 1477 1477 1477
56 1419 1281 1557
62 1391 1391 1391
76 1321 1270 1373
77 1268 1268 1268
157 1263 1263 1263
158 1248 1248 1248
186 1235 1235 1235
187 1211 1211 1211
190 1201 1201 1201
193 1167 1167 1167
335 1160 1160 1160
336 1159 1159 1159
341 1139 1139 1139
529 1106 1106 1106
627 1097 1097 1097
635 1079 1079 1079
636 1025 1025 1025
