0 6709049 4724399 7452932
1 4133330 2113260 5733463
2 2757755 264484 5071489
3 2050185 147587 3243135
4 1124186 2249 2213951
5 615148 1872 1850780
6 390200 2021 1535985
7 219943 1936 1047775
8 129784 2010 825488
9 35283 1981 309197
10 2330 1905 6342
11 2023 1907 2240
13 1963 1764 2121
14 1937 1798 2164
15 1915 1760 2132
16 1913 1788 2053
17 1907 1791 2020
18 1855 1702 2013
19 1777 1684 1941
23 1758 1641 1849
26 1752 1635 1879
29 1706 1662 1748
39 1700 1623 1788
40 1634 1609 1666
44 1527 1503 1551
120 1526 1523 1530
125 1481 1481 1481
127 1477 1477 1477
156 1470 1470 1470
222 1438 1438 1438
223 1413 1413 1413
301 1388 1388 1388
448 1381 1381 1381
450 1370 1330 1411
630 1355 1355 1355
632 1351 1351 1351
