0 8460543 6988768 9067285
1 6497906 5083709 7255258
2 5385150 3973847 6496357
3 4548444 2993023 5628367
4 3701475 2246294 4760723
5 3028440 1709344 4163464
6 2495871 1451244 3533741
7 2094265 1354560 3226819
8 1870048 1128389 2722522
9 1479457 1055695 1886917
10 1268324 821545 2113147
11 1134437 579479 1753762
12 956157 329316 1660827
13 768394 268495 1410776
14 648746 199965 1390500
15 493311 2168 971225
16 453128 2153 934551
17 367329 58782 825696
19 315574 30262 1071839
20 226167 1986 845816
22 179722 2086 474519
24 103984 2236 430090
27 93780 1732 510673
30 62706 1938 183831
31 7142 1903 22427
40 2236 2236 2236
42 2139 2139 2139
44 2064 2064 2064
55 2023 1875 2269
56 1808 1808 1808
80 1784 1784 1784
95 1738 1705 1771
102 1716 1716 1716
206 1683 1683 1683
379 1672 1672 1672
443 1593 1593 1593
