0 9087393 6972771 9874283
1 8128467 6052200 9067176
2 7178020 5317502 8155291
3 6414789 4829554 7541377
4 5627619 4179499 6790658
5 4915511 3751922 6249974
6 4372662 3206750 5697010
7 3794389 2750655 5269107
8 3347530 2262615 4639422
9 2998207 1749824 4115087
10 2582016 1713599 3562127
11 2206366 1427025 2722452
12 1872466 1176756 2625637
13 1619301 651981 2371431
14 1381794 696474 2064741
15 1298242 639838 2286442
16 1060898 397848 1761788
17 933753 228208 1693281
18 804519 203815 1325967
20 713130 98986 1632675
22 649453 131397 1212933
23 615265 276726 950583
24 512154 179627 793369
25 395869 111019 700329
26 330089 62677 619580
27 325516 127252 595351
28 297210 14296 583394
29 173387 1955 534906
31 61475 2195 111220
37 59523 26340 99272
38 8578 1924 34475
49 2082 2082 2082
55 1974 1882 2141
58 1917 1917 1917
72 1860 1826 1890
85 1853 1853 1853
86 1850 1777 1924
87 1804 1804 1804
107 1674 1674 1674
390 1645 1645 1645
391 1558 1558 1558
524 1527 1527 1527
