0 9932574 8352513 10903662
1 8980927 7863268 10020309
2 7373504 1908392 9106171
3 5823986 2667 8235891
4 5248243 2537 7235373
5 4675892 2298 6325599
6 4052205 2222 6182819
7 3858533 387778 5558988
8 3116262 141317 4827139
9 2841845 2384 4125267
10 2367247 2270 4095277
11 1961280 2227 3614640
12 1888589 2133 3536536
13 1824666 2063 3280768
14 1552191 2006 3272391
15 1285974 1983 3185904
16 1016535 1946 2873666
19 1002262 1878 2206902
20 846519 1837 1596084
21 744844 1716 1561593
24 534237 1688 1045948
25 355682 1653 972583
26 301090 1596 955226
32 257105 1938 543888
33 143781 1907 396445
34 96768 1838 344833
38 76748 1556 444191
39 49813 1796 288421
40 46387 1780 184565
42 5233 1957 19885
43 4602 2306 11259
45 2251 1903 2433
46 2232 1901 2399
47 2188 1864 2360
56 1963 1654 2161
63 1860 1860 1860
65 1766 1766 1766
83 1634 1634 1634
84 1563 1563 1563
116 1514 1514 1514
152 1434 1434 1434
153 1426 1426 1426
158 1378 1378 1378
215 1314 1314 1314
257 1302 1302 1302
258 1274 1274 1274
286 1269 1269 1269
288 1246 1246 1246
305 1234 1234 1234
307 1223 1223 1223
318 1217 1217 1217
326 1152 1152 1152
327 1130 1130 1130
675 1123 1123 1123
