0 6746244 721334 8010566
1 3293706 2167 5957534
2 2381320 2128 5675978
3 1694575 2076 3757464
4 921255 1984 2800277
5 605120 2672 2388753
6 262261 1884 1059332
7 92122 2219 349054
8 33214 1857 370693
10 7194 1734 71507
12 2209 1628 2612
13 2169 1807 2467
14 2093 1576 2331
15 2042 1571 2215
17 2022 1802 2200
18 1945 1536 2149
20 1928 1427 2161
23 1925 1744 2077
24 1903 1547 2088
26 1854 1672 1993
27 1760 1415 1956
35 1750 1596 1845
37 1724 1572 1850
38 1720 1491 1849
40 1718 1441 1880
41 1684 1423 1854
42 1653 1408 1812
47 1604 1520 1688
57 1480 1480 1480
59 1465 1465 1465
64 1401 1401 1401
66 1295 1295 1295
241 1254 1254 1254
242 1244 1244 1244
254 1125 1125 1125
603 1118 1118 1118
604 1107 1107 1107
605 1100 1100 1100
606 1094 1094 1094
649 1091 1091 1091
682 1065 1065 1065
694 1060 1060 1060
695 1036 1036 1036
