0 3328433 2388 4545858
1 949646 2167 2536073
2 219916 2078 1041981
3 41895 2028 665444
4 4703 1952 59052
5 2215 1981 2571
6 2131 1934 2436
7 2076 1911 2370
8 1991 1812 2341
9 1990 1778 2279
10 1940 1763 2156
11 1912 1727 2152
12 1875 1688 2148
13 1863 1601 2101
14 1851 1606 2048
15 1831 1530 1994
16 1816 1675 1946
17 1748 1592 1987
19 1715 1492 1913
20 1689 1507 1893
23 1680 1521 1909
28 1597 1478 1737
39 1559 1443 1677
41 1553 1450 1722
43 1531 1429 1589
47 1526 1369 1667
49 1509 1462 1591
50 1508 1380 1650
51 1470 1348 1592
59 1416 1416 1416
72 1300 1300 1300
73 1281 1281 1281
106 1266 1266 1266
124 1224 1224 1224
129 1180 1180 1180
209 1143 1143 1143
253 1132 1132 1132
320 1129 1129 1129
328 1101 1101 1101
731 1046 1046 1046
976 1028 1028 1028
985 913 913 913
986 909 909 909
