0 9833286
1 7909459
2 6640258
3 6631080
4 4769853
5 2814090
6 2451009
9 2276233
10 1765252
11 1491518
12 1455565
13 1446750
14 1173110
15 442049
21 365820
22 311729
23 298231
24 78808
51 51732
52 2461
54 2392
67 2353
68 2178
73 2101
75 1989
145 1853
150 1832
153 1813
154 1751
186 1692
201 1678
202 1661
203 1637
204 1618
205 1606
206 1557
207 1554
208 1543
215 1525
479 1512
480 1491
481 1465
482 1459
483 1457
485 1443
486 1373
493 1319
496 1288
540 1249
545 1240
576 1239
577 1233
578 1212
579 1192
581 1183
582 1174
606 1171
607 1132
608 1122
610 1098
612 1072
613 1058
624 1047
