0 8282038
1 7120387
2 5330820
3 4756643
4 3787619
5 2756446
9 2384168
10 2002736
11 1715634
12 1630415
13 1020386
14 585436
15 571806
21 540595
22 473019
24 289527
25 159475
29 119086
30 2464
31 2399
32 2274
34 2257
35 2230
36 2222
37 2128
38 2106
41 2078
42 1991
43 1972
44 1889
45 1844
46 1836
68 1820
69 1802
71 1707
72 1702
75 1683
76 1666
86 1636
88 1592
89 1566
90 1543
91 1497
92 1488
93 1477
94 1461
97 1453
98 1443
100 1403
101 1342
106 1317
107 1293
110 1279
111 1238
112 1212
113 1207
114 1206
115 1204
116 1185
117 1177
118 1098
120 1084
