0 38060862
1 31105013
2 29485192
3 28423767
4 23041073
6 18341124
7 18227583
8 16948262
9 14465480
10 14342434
11 14020434
12 12541337
13 11299843
14 10153664
15 9101726
24 8855346
25 7273171
26 6201948
27 6107626
32 4857043
33 4306918
34 4278549
37 4060455
38 3492069
39 3151097
40 3150723
41 2516180
49 2089164
52 1397930
70 1255419
79 1009688
85 801112
107 677656
109 602041
113 573184
137 459931
174 421887
175 336706
176 298849
179 175768
274 156400
283 99787
403 33369
502 4712
503 4517
723 4362
