0 9729851
1 7460551
2 6308499
3 5593731
4 4337668
5 3562339
6 3553588
7 3263882
8 2328195
9 1548465
10 1540042
11 1440377
12 1297257
15 924783
16 673546
17 651885
21 487573
27 366428
28 353309
29 323123
30 184453
34 158271
40 93432
47 89085
48 58785
49 2304
66 2139
68 2114
95 2064
104 2020
107 1990
110 1916
113 1914
191 1894
192 1869
193 1863
200 1849
201 1836
202 1693
203 1668
204 1664
209 1604
229 1597
252 1506
261 1475
304 1474
310 1416
317 1392
322 1377
331 1323
332 1317
333 1314
346 1312
347 1304
974 1294
975 1275
982 1271
984 1268
985 1256
986 1245
