0 10596092
1 9729911
2 9106171
3 8235891
4 7235373
5 6321287
6 5710825
7 5342470
8 4732028
9 4064852
10 3363270
11 2817408
12 2193800
13 1882198
15 1678689
16 1314891
17 1305975
19 1284334
20 1119628
21 924982
22 859925
28 734627
30 656547
31 656440
32 543888
33 232280
36 214669
37 54404
38 2558
60 2368
67 2238
68 2206
69 2108
71 1989
75 1973
76 1905
109 1852
110 1845
111 1843
112 1792
128 1784
155 1765
156 1746
162 1687
261 1685
262 1650
263 1606
264 1562
265 1559
492 1470
983 1433
984 1429
985 1380
988 1357
999 1319
