0 41509317
1 35711148
2 33465028
3 29864061
4 24813395
5 24235224
6 21771476
7 20634222
8 18076156
10 14228534
11 13034468
12 12721747
14 12276267
15 10457307
17 10021081
18 9983299
19 9614167
20 9121602
21 8239673
24 7604845
27 6931851
30 6496225
31 5652722
34 5254667
35 4335051
38 3652782
39 3596333
40 2866931
43 2828197
44 2042084
49 1644481
52 1521153
55 1397639
56 1246272
64 980632
68 800545
73 706100
74 706074
75 649550
205 364885
222 336353
223 317443
225 23787
459 5099
460 4583
609 4411
