0 10232067
1 9365955
2 8417689
3 7837421
4 6624918
5 5732460
6 5182448
7 4428862
8 3921946
9 3380509
10 3268091
11 3025691
12 2471034
13 2293484
14 2016608
15 1934166
16 1657091
17 1548756
18 1540115
20 1319354
21 1219977
23 851635
24 820951
27 769300
35 652220
36 600171
37 582827
38 444191
39 288421
40 184565
41 32774
42 2416
43 2310
44 2287
49 2160
53 2136
55 2097
56 1989
57 1983
102 1866
103 1841
104 1709
105 1703
107 1692
108 1665
114 1664
115 1603
116 1514
121 1506
321 1358
796 1301
804 1281
805 1279
