0 39614250
1 33872473
2 29788323
3 28935185
4 27078437
5 24036061
6 22263948
7 21705422
8 17659286
10 17251813
12 17080762
13 16767967
14 15725577
15 15289733
16 14664304
17 13451847
18 13337696
19 12162971
20 11461172
21 10390710
22 9878727
23 9840619
24 7566770
27 6534267
34 6268326
36 5880043
37 5652941
39 5539303
41 4638998
42 4525043
43 4042280
46 4023124
47 3709949
65 3141769
72 2951419
73 2857032
74 2431111
77 2411916
78 2269041
79 1303651
84 999685
87 857532
89 687295
90 648499
91 554438
92 374583
100 374322
121 327245
154 289165
164 213247
165 194484
166 166254
319 165914
324 61696
361 61646
565 33397
629 24375
765 14589
774 4862
