0 7997635
1 6382095
2 5728412
3 5255887
4 3935393
5 3454449
6 2592587
7 1739270
9 1327750
10 1267430
11 873072
12 738843
13 652178
16 600004
23 582615
24 569915
25 548429
26 479119
27 444280
30 418198
31 370585
35 253629
41 58879
69 45471
73 2533
103 2424
104 2154
130 2133
140 2110
141 2100
153 2093
164 2086
225 2080
234 1965
243 1937
279 1906
292 1870
298 1844
316 1823
321 1746
388 1734
404 1704
464 1691
465 1663
467 1554
470 1466
481 1425
560 1360
563 1290
564 1199
574 1172
575 1166
576 1155
577 1124
578 1123
607 1122
