0 9366010
1 8499930
2 7789203
3 6745915
4 5338309
5 4338202
6 3735708
7 3281115
8 2930093
9 2458092
12 2354398
13 2025094
15 2003206
17 1977492
18 1825872
19 1054814
20 1033217
21 959753
24 920758
25 617438
28 556868
30 548314
31 491962
32 414239
33 396445
34 344833
35 275385
36 240730
37 236322
50 175445
51 162433
52 106356
54 36821
59 2506
80 2451
86 2321
87 2212
93 2138
95 2123
96 2114
106 2037
109 1895
110 1833
111 1772
114 1755
211 1726
212 1719
213 1596
231 1571
249 1539
253 1448
254 1438
255 1394
256 1343
257 1302
258 1274
970 1267
971 1264
