0 10037342
1 8928666
2 8270389
3 6702782
4 6174163
5 5546362
6 4844663
7 4156190
8 3064414
9 2618206
10 2293382
11 2219905
12 1847528
13 1739136
14 998724
15 864251
16 721559
24 699700
25 483338
26 418202
27 400813
28 348832
31 292607
36 227486
41 153696
49 149572
50 24122
55 6618
59 2529
61 2120
132 2082
134 1999
136 1941
137 1940
145 1925
151 1888
160 1867
161 1834
162 1734
163 1698
169 1689
171 1643
172 1609
180 1608
183 1535
188 1479
314 1469
392 1462
395 1406
396 1386
397 1373
432 1291
715 1266
719 1218
983 1207
997 1198
