0 10595996
1 9686446
2 8833395
3 8019319
4 6771679
5 6325599
6 6182819
7 5558988
8 4827139
9 4125267
10 4095277
11 3614640
12 3536536
13 3280768
14 3272391
15 3185904
16 2873666
17 2401696
18 2310780
19 2206902
20 1596084
21 1561593
22 1514008
23 1314840
24 1045948
25 890226
26 521930
27 379093
28 262152
41 218963
48 210372
57 197091
58 71708
60 45326
67 19596
89 2503
90 2245
91 2199
92 2194
100 2188
101 2093
102 2032
108 2003
119 1883
120 1852
121 1725
123 1710
124 1691
125 1661
126 1652
138 1643
139 1625
146 1615
147 1554
149 1545
150 1543
151 1508
152 1434
153 1426
158 1378
