0 8876461
1 6498990
2 5433547
3 3614560
4 2930413
5 2765457
6 2553393
7 1812852
9 1812731
10 1457850
12 1310593
13 1288740
14 907640
15 855781
17 729949
19 686720
20 426928
24 301206
25 205959
26 158328
27 102157
32 24117
33 2477
55 2273
56 2211
58 2180
60 2165
61 2096
62 2051
63 1971
64 1895
66 1856
67 1841
68 1797
70 1796
71 1772
72 1730
74 1681
75 1627
78 1608
79 1597
80 1554
90 1539
180 1523
183 1487
185 1472
186 1448
209 1435
210 1422
212 1418
220 1386
225 1360
309 1349
310 1341
311 1308
563 1234
564 1200
565 1171
633 1151
635 1115
