0 10596209
1 9730274
2 8578049
3 7703114
4 5269250
5 5061375
6 4641142
7 3809713
8 3099229
9 2744351
10 2514571
11 2011957
12 1799838
13 1756798
14 1553015
15 1089661
16 959920
19 846920
20 769348
25 565625
26 422646
27 283976
28 275609
31 93398
38 50178
43 11259
71 2531
79 2489
88 2273
119 2219
120 2143
124 2107
141 2053
147 1996
320 1959
321 1939
409 1905
410 1804
411 1764
412 1754
413 1718
414 1709
415 1684
417 1674
418 1645
419 1588
420 1575
421 1570
422 1559
427 1504
428 1487
432 1480
434 1458
481 1445
485 1419
486 1417
488 1399
491 1383
492 1377
493 1340
495 1326
496 1317
497 1311
