0 39964959
1 34194714
2 31683239
3 27172405
4 24746950
5 24310800
6 23572002
7 21477860
8 21022592
9 19212715
10 15147550
13 15100332
14 13546419
15 10864505
17 9547152
18 9490642
19 9215449
21 9016810
22 8306648
23 7453485
24 7263733
27 6978985
33 5804297
34 5302435
38 5178758
39 5169324
40 4411428
46 3861749
47 3246100
48 3065999
49 2753269
51 2639577
52 2601379
55 2535403
56 2203895
59 2194063
60 1824316
61 1691820
62 1501808
65 1455093
66 1436211
67 1397870
69 914763
91 545301
95 535656
103 516594
109 346051
308 184779
315 5329
466 4867
