0 10075875
1 6173742
2 4303689
4 4191539
7 3514623
8 2487409
9 2442457
10 1697709
11 1244877
12 1168740
13 1079033
14 1052200
15 966937
16 567574
17 433113
22 432825
24 284958
25 276088
26 213292
27 154921
34 110260
35 2157
41 2154
74 2129
96 2099
97 2068
98 2039
99 2035
100 1957
124 1874
125 1839
126 1806
127 1779
128 1730
298 1727
355 1668
358 1644
360 1635
448 1622
474 1591
475 1578
513 1572
514 1543
515 1507
516 1479
520 1438
521 1411
522 1367
523 1341
524 1333
525 1327
526 1322
527 1293
533 1252
