0 8281819
1 6375683
2 5142361
3 3868613
4 3572530
5 2872696
6 2487245
7 2137196
8 1872573
11 1293977
15 894921
16 733124
17 594631
18 446519
19 365577
21 195140
23 33854
30 2498
31 2229
37 2119
52 2107
56 2106
57 2093
58 2069
59 2027
60 1960
61 1886
64 1851
68 1840
206 1799
317 1773
318 1752
319 1741
320 1683
321 1650
322 1623
323 1617
324 1615
325 1569
329 1553
344 1546
345 1510
347 1458
425 1430
426 1418
431 1407
432 1404
433 1382
436 1374
437 1373
441 1359
444 1345
671 1337
888 1332
908 1319
909 1294
917 1273
918 1264
919 1240
920 1217
921 1196
922 1187
923 1183
