0 10075656
1 7828869
2 6048296
3 4528078
4 3599272
5 2716099
6 2437771
10 2280806
11 1958022
12 1782830
13 1446799
16 1119339
17 1083646
19 1025306
20 648403
21 625685
22 446356
31 212850
42 186264
43 114429
44 96569
45 24830
46 2299
59 2177
74 2134
92 2125
105 2119
123 2096
182 2058
186 2009
187 1991
188 1944
189 1826
196 1760
197 1725
204 1719
205 1686
206 1672
208 1641
213 1640
214 1596
215 1529
216 1446
217 1420
218 1389
219 1365
220 1347
221 1341
222 1270
223 1250
224 1233
225 1219
227 1217
