0 41956494
1 35500888
2 32847721
3 31612382
4 26593476
6 26449228
7 23020985
9 20473012
10 17887012
12 16775643
13 15205356
14 15032758
15 13079335
16 12284233
17 11853530
18 11240096
19 10234170
20 9075661
21 8596272
22 8491278
23 8223207
24 6987495
26 6949088
29 6393196
30 6335486
36 5666006
38 5225215
40 4889853
41 4487412
44 4382094
47 3788730
48 2907242
53 2773601
54 2562411
55 2160462
60 2122409
61 2102404
62 1786378
72 1326691
73 1240534
75 1144799
107 905317
123 723644
148 694662
150 599162
158 407684
159 167090
337 43743
338 14711
827 4815
845 4745
