0 9730126
1 8812139
2 7465099
3 6971225
4 6464557
5 5940183
6 5130480
7 4398311
8 3848377
9 3233366
10 2826086
11 2553354
12 2418980
14 2068284
16 1660953
17 1284630
18 933535
19 842717
20 695513
21 561320
22 413804
23 331772
24 193001
25 28474
33 2700
39 2317
42 2290
89 2228
98 2224
107 2215
117 2123
119 2092
162 2060
163 2051
165 1987
169 1945
170 1888
171 1805
181 1782
183 1751
185 1726
225 1709
226 1682
227 1643
228 1627
229 1608
230 1527
231 1511
237 1476
245 1434
954 1414
996 1397
997 1313
998 1292
999 1283
