0 10596307
1 10020309
2 8863979
3 8084291
4 6659575
5 5676141
6 5230017
7 4628212
8 4017248
9 3523875
10 2934715
11 2670279
12 2246257
13 1587746
14 1379979
18 972893
21 794691
22 686696
27 491781
28 279623
29 270733
30 223165
31 115048
32 24260
33 2507
34 2237
35 2186
36 2122
37 2100
42 1957
48 1853
51 1834
67 1833
85 1826
90 1767
100 1731
103 1686
221 1589
222 1569
475 1568
476 1519
487 1499
791 1495
795 1435
796 1373
844 1371
845 1370
849 1350
850 1321
851 1314
852 1304
854 1274
860 1270
862 1244
866 1204
