-8.95016	-5.57867	0
-8.81747	-4.82428	0
-6.54513	2.2691	0
-9.23733	-1.99971	0
-7.39046	-5.02155	0
-7.9766	-4.3622	0
-12.4569	-2.96427	0
-7.36561	-2.12321	0
-11.7114	-4.0104	0
-9.93073	-6.04134	0
-5.04707	-6.60213	0
-7.2161	-1.92998	0
-11.3377	-1.98277	0
-6.91257	-0.305145	0
-7.64229	-7.06395	0
-9.62859	0.449202	0
-7.38295	-5.33324	0
-6.58759	2.03896	0
-9.49223	-5.13817	0
-7.58483	2.07495	0
-13.323	-1.11432	0
-6.38852	-3.52596	0
-6.35076	-2.7853	0
-8.69882	-2.82183	0
-5.3123	0.219166	0
-9.10789	-3.76767	0
-8.10783	-0.590286	0
-6.64669	-3.11886	0
-9.63496	-6.5913	0
-6.51246	-0.990524	0
-12.208	-5.85066	0
-9.33308	-4.96159	0
-9.7702	-4.53964	0
-7.58926	-4.09634	0
-9.36281	-4.58805	0
-10.2689	-2.28543	0
-10.7478	-1.88716	0
-7.69989	0.329737	0
-8.25023	-0.87052	0
-10.9282	-4.76542	0
-9.15795	-8.04488	0
-9.24142	-2.19799	0
-9.6297	-8.16433	0
-10.4551	-2.8344	0
-9.06094	-8.33152	0
-7.14134	-6.46646	0
-12.27	-4.73959	0
-8.1476	-3.88692	0
-4.82466	-4.49269	0
-11.2903	-7.15037	0
-8.88123	-4.05285	0
-7.64678	-2.97501	0
-7.23839	2.85312	0
-9.98002	2.63694	0
-9.92086	-5.56228	0
-7.60088	-4.04688	0
-7.32027	-9.66892	0
-8.34862	-4.43701	0
-9.68674	-7.54597	0
-8.88055	-2.61214	0
-7.15754	-2.67601	0
-10.3073	-5.61666	0
-13.0198	-2.96715	0
-5.96781	-5.10115	0
-8.7089	-8.6132	0
-10.2349	-2.09562	0
-7.7774	-1.22203	0
-10.2095	-2.17983	0
-8.83062	-2.64036	0
-10.5528	-9.10049	0
-6.69358	-0.0643841	0
-9.83452	-0.191748	0
-5.8639	-7.80228	0
-8.93797	-0.91065	0
-5.53214	-1.64536	0
-8.09634	-4.74561	0
-7.67995	-3.33521	0
-10.4261	-0.644883	0
-10.4149	-2.01877	0
-11.1052	-4.8788	0
-8.4567	-4.41833	0
-8.09458	0.20383	0
-6.91852	-3.37763	0
-9.8006	-3.44166	0
-9.41401	-6.3307	0
-5.52239	1.70108	0
-9.15078	-5.11232	0
-10.4251	-2.37442	0
-7.74262	-3.18638	0
-4.95216	1.02275	0
-5.06756	-6.15	0
-7.89736	-6.94321	0
-5.22344	-1.61445	0
-8.49928	1.85415	0
-8.22981	1.49679	0
-6.25716	-4.45623	0
-8.64774	-10.4916	0
-8.68797	-3.50934	0
-5.33732	-4.05389	0
-9.46777	-4.36518	0
-8.9676	-1.1744	0
-9.1495	1.99923	0
-6.75096	-3.21961	0
-8.80282	2.54358	0
-9.80334	-7.78527	0
-6.74326	-2.54081	0
-7.87105	-1.03464	0
-10.1565	-2.24231	0
-13.5109	-9.10612	0
-11.0427	-9.57493	0
-11.659	-5.58527	0
-7.97083	-2.29773	0
-6.25073	-6.53687	0
-8.63986	-3.37215	0
-4.37599	-2.88488	0
-7.71094	0.42201	0
-7.87985	-1.61718	0
-5.18145	-2.25811	0
-10.5732	-0.2681	0
-10.2067	-3.8696	0
-9.70681	-5.66005	0
-7.67393	-2.17572	0
-8.57453	-2.52463	0
-11.3357	1.65931	0
-8.16029	-4.9807	0
-6.98715	-1.74064	0
-11.0345	-4.17784	0
-8.78341	-3.74511	0
-6.84255	-3.71483	0
-8.92813	-4.40356	0
-6.89211	2.52742	0
-11.2158	-1.39484	0
-7.34451	-7.22675	0
-9.91146	-7.30446	0
-10.4656	-6.80443	0
-8.57062	-5.69732	0
-8.47796	-4.12112	0
-5.7274	-4.19196	0
-11.5096	-4.64294	0
-8.70106	-5.28922	0
-9.22812	-4.39097	0
-8.61036	-1.26587	0
-10.1046	-4.77652	0
-10.0645	-2.57135	0
-10.2024	-5.32478	0
-8.16595	-3.98703	0
-8.08488	-8.46819	0
-10.3558	0.607497	0
-12.4625	-6.06652	0
-10.8461	-0.668674	0
-7.95291	2.24281	0
-8.52609	-1.58749	0
-9.02581	-3.65912	0
-4.06072	-5.8228	0
-8.61048	-2.86493	0
-15.422	-6.79692	0
-6.95752	-2.90674	0
-9.91541	-3.4143	0
-8.29354	-4.57246	0
-8.03389	-3.44931	0
-9.78419	-0.311076	0
-8.68748	-0.299232	0
-8.46613	-0.64891	0
-6.64104	-2.72217	0
-8.49067	-4.73883	0
-7.60837	1.49591	0
-8.19243	-7.28121	0
-9.04647	0.564712	0
-8.16074	-0.647331	0
-5.8127	-6.78781	0
-10.2768	-4.19226	0
-11.2598	-1.82351	0
-6.24831	-4.9744	0
-5.59665	-1.83032	0
-6.84246	-5.60257	0
-11.2715	-1.41179	0
-8.20739	-5.35829	0
-8.18352	-8.48712	0
-6.82932	-0.109369	0
-7.88228	-0.98184	0
-12.0672	-1.03528	0
-7.26358	-2.34686	0
-10.1311	-1.68009	0
-12.7374	-3.94957	0
-12.3876	-3.01777	0
-9.07646	-4.10027	0
-7.69712	-9.09821	0
-6.46573	-0.27987	0
-4.98266	-1.45319	0
-11.03	-2.63449	0
-8.07143	-9.66758	0
-12.6501	-0.234387	0
-9.75878	1.09832	0
-7.50904	-5.07721	0
-8.01352	-5.52146	0
-11.2358	-5.82039	0
-9.53434	-3.67953	0
-8.9464	-1.51371	0
-6.15048	-1.18348	0
-8.53492	-7.20182	0
-9.48262	-3.21718	0
-10.7789	-4.39578	0
-7.67651	-1.55198	0
-11.2147	-3.0018	0
-7.617	-6.89862	0
-6.08286	-0.767113	0
-8.31975	-0.678367	0
-7.7569	-2.22977	0
-6.05036	-3.27163	0
-6.21534	-5.96705	0
-10.3076	-3.69321	0
-6.92106	-0.636458	0
-9.27132	-0.293719	0
-6.67947	-1.85056	0
-5.17141	1.20894	0
-13.5915	-2.88357	0
-7.50202	-3.42085	0
-9.50318	-2.7926	0
-6.10222	-3.29822	0
-10.9421	-1.46342	0
-6.68247	-1.62782	0
-6.35278	3.85128	0
-11.1435	-3.72567	0
-7.10614	-5.20675	0
-6.51397	-0.48578	0
-6.40376	-2.77806	0
-8.819	-4.49206	0
-8.96955	0.512265	0
-5.88535	0.618609	0
-9.91595	-3.1979	0
-8.47328	0.50232	0
-7.23178	-4.37133	0
-8.83224	-3.85238	0
-9.3364	-4.21964	0
-5.25708	5.47857	0
-9.28811	-1.37138	0
-4.51111	-11.4437	0
-7.44598	-1.90814	0
-8.59182	0.841642	0
-9.84919	-5.16322	0
-11.0485	1.97673	0
-10.7022	-6.83585	0
-10.2058	-7.32109	0
-8.80183	-4.16082	0
-10.2794	-7.84703	0
-9.43912	0.451821	0
-9.71091	-0.330221	0
-8.07124	-4.33617	0
-14.2674	-6.60106	0
-10.1317	0.394073	0
-8.52137	-0.511011	0
-8.76669	-4.18252	0
-4.89594	-5.53106	0
-8.59691	-6.98599	0
-7.53431	-4.22342	0
-8.49402	-1.16478	0
-9.86809	-3.27316	0
-9.60417	-5.14855	0
-8.07967	-4.63097	0
-8.38914	-0.345831	0
-11.9597	-3.0811	0
-7.89586	-2.07608	0
-9.46263	-3.80492	0
-4.5595	-1.54144	0
-6.98257	-4.85989	0
-6.79283	-0.220355	0
-6.62906	-1.34471	0
-8.14105	-5.28503	0
-11.3808	-4.93166	0
-7.4503	-2.68952	0
-8.25032	-0.55136	0
-7.59657	-6.48952	0
-8.48843	-8.12555	0
-7.24733	-2.99314	0
-6.4021	-4.68421	0
-7.75145	-4.6167	0
-7.27694	-0.873171	0
-8.95949	-5.2019	0
-10.352	1.50551	0
-7.78978	-1.96376	0
-9.11102	-1.38864	0
-6.39632	-9.61728	0
-12.9917	-3.93037	0
-12.0098	-3.85274	0
-7.81264	-0.0424734	0
-8.59788	-4.52389	0
-7.1236	-3.83569	0
-8.92088	0.330697	0
-7.90629	-1.56936	0
-8.47383	-4.60262	0
-11.8151	-3.93908	0
-8.89002	-7.8485	0
-10.8962	-0.661374	0
-10.1469	-6.66443	0
-11.3844	-6.09468	0
-7.661	-4.79073	0
-7.88619	-0.868459	0
-7.44861	-1.48263	0
-10.9582	-4.44796	0
-9.19265	-1.54885	0
-10.6787	-3.40652	0
-7.57623	-6.92781	0
-7.33353	-1.2741	0
-7.70535	-0.801528	0
-12.1477	-2.53364	0
-6.97299	-3.16521	0
-10.6937	-4.76714	0
-12.0238	0.534856	0
-9.71473	-1.06463	0
-8.70206	-2.86436	0
-7.88825	-2.01547	0
-6.33353	-2.34311	0
-9.5183	-3.49946	0
-7.13958	-2.81544	0
-10.5697	-8.457	0
-7.19983	-4.93531	0
-9.5628	-2.52614	0
-9.52161	-5.26956	0
-9.90778	-2.78313	0
-10.4504	-6.49479	0
-8.08529	-2.13354	0
-6.77253	-0.467156	0
-8.8642	-9.90295	0
-9.02858	-1.76548	0
-7.31676	-3.07211	0
-8.11281	-1.27547	0
-10.2682	1.77951	0
-13.2875	-5.05894	0
-8.24132	-3.40138	0
-10.9312	-0.484177	0
-6.72893	-4.84226	0
-8.00867	-6.10552	0
-9.32591	0.904954	0
-8.94073	-3.6941	0
-11.6391	-4.71638	0
-11.4629	-1.88966	0
-9.56183	-4.94052	0
-6.65931	0.570088	0
-8.31781	-7.49295	0
-11.401	-2.19571	0
-10.3804	-2.17507	0
-10.639	-5.73533	0
-9.20956	-2.57182	0
-8.3984	0.168859	0
-9.13689	-2.14964	0
-8.25347	-3.83079	0
-8.7278	-3.42113	0
-9.39436	-6.36047	0
-10.4033	-8.55764	0
-8.88725	-1.60625	0
-8.87227	-5.80616	0
-11.4709	-1.96638	0
-9.07096	-4.48344	0
-7.36096	-0.231938	0
-7.62022	-0.375368	0
-10.0772	-5.97934	0
-8.23743	-1.54316	0
-9.21112	-7.74053	0
-11.1279	-3.54151	0
-6.82183	-0.459685	0
-8.5383	-2.96119	0
-7.76915	-0.641126	0
-11.3098	-0.559306	0
-9.69898	-4.6164	0
-7.48326	0.259733	0
-9.89459	2.01991	0
-8.3253	-1.50006	0
-6.30281	-5.7027	0
-6.21476	-3.55328	0
-7.49463	-2.11516	0
-10.3433	-4.90074	0
-10.1346	-0.548448	0
-11.0488	-1.73787	0
-6.03396	-4.09169	0
-9.16974	-8.13064	0
-8.06845	-2.62268	0
-5.23906	-1.7053	0
-8.24585	-4.03223	0
-3.64494	-1.79693	0
-6.09573	-1.95671	0
-8.57673	-5.19479	0
-6.36491	-0.885194	0
-7.13145	-5.19325	0
-7.90975	-0.899206	0
-9.46371	-6.53659	0
-10.1988	-10.5191	0
-8.33418	1.60348	0
-10.8367	-8.99143	0
-8.89666	-8.84124	0
-7.20512	-6.68217	0
-8.41596	-6.01964	0
-6.4011	0.266337	0
-6.9036	-2.22403	0
-5.57443	-5.05069	0
-6.36579	-2.03222	0
-9.74423	-0.359149	0
-8.33031	-7.96961	0
-7.31281	-2.16599	0
-10.1462	0.464077	0
-9.47686	0.977191	0
-9.66575	0.0762164	0
-5.87515	-0.621007	0
-9.66755	-4.28835	0
-6.27116	0.962372	0
-10.2236	0.323357	0
-5.09512	-2.39388	0
-6.70412	-8.92503	0
-7.62595	-7.06502	0
-10.3848	-0.215954	0
-6.50416	-2.94453	0
-6.44304	0.556095	0
-7.30629	-1.82841	0
-8.35571	3.3777	0
-10.5406	-2.74414	0
-9.22075	-2.5622	0
-11.252	-4.92944	0
-6.1487	-8.31182	0
-5.24472	-4.88284	0
-8.2196	-1.40367	0
-8.62545	-4.60821	0
-4.98542	-7.58814	0
-10.2694	-5.40044	0
-11.1463	-6.37299	0
-8.94179	-4.76563	0
-13.8051	-2.08638	0
-9.96506	-2.54928	0
-8.63586	1.33102	0
-7.93513	-5.75421	0
-9.66364	-2.51914	0
-4.95117	-7.7154	0
-8.46	-3.03289	0
-9.32082	-7.92993	0
-9.96923	-3.90985	0
-4.94022	-1.18162	0
-13.1668	0.223472	0
-8.56523	-5.01443	0
-5.2804	-2.61538	0
-7.19296	-2.73814	0
-9.84639	-4.16406	0
-8.89409	-1.27602	0
-8.47322	-7.25691	0
-10.9052	-2.87961	0
-5.21899	-2.47386	0
-10.3243	-3.70822	0
-8.29945	-5.68346	0
-8.60665	-4.14539	0
-5.75499	-6.81979	0
-10.1263	-4.03207	0
-10.2337	-1.84449	0
-10.0691	-6.39161	0
-7.79151	-8.98768	0
-5.62899	-2.52726	0
-7.32382	2.7182	0
-9.86123	-3.05488	0
-6.96671	-3.41841	0
-6.42237	-0.520893	0
-10.2482	-0.333776	0
-7.31625	-6.16993	0
-7.78581	-4.02658	0
-10.0037	-4.89345	0
-10.4711	-4.31464	0
-5.65916	-3.92228	0
-6.03892	-3.51798	0
-11.3724	-5.4583	0
-10.2487	-2.21596	0
-6.57113	-3.7608	0
-7.22799	1.92417	0
-6.46742	-1.33413	0
-8.25319	-8.33086	0
-10.037	-6.81805	0
-9.41828	-1.83053	0
-12.4957	-3.94293	0
-9.53736	0.0872362	0
-11.0945	1.92674	0
-9.69865	0.559006	0
-10.3616	-5.18077	0
-3.39779	-1.31311	0
-8.50092	4.35963	0
-6.32747	-1.52686	0
-9.25058	-2.5427	0
7.12874	4.21932	1
9.01479	2.75394	1
7.40124	3.02899	1
8.69937	1.91962	1
11.3476	3.42302	1
11.3647	6.07068	1
10.1774	4.18339	1
6.03205	3.98184	1
14.9557	3.16933	1
6.46464	3.96596	1
8.67986	3.90825	1
7.15548	4.07489	1
8.60316	2.64219	1
8.86681	3.84183	1
9.84492	2.53545	1
5.01317	4.38865	1
14.9219	3.47863	1
12.2148	3.20578	1
7.92799	1.01394	1
9.73333	2.84498	1
10.7053	2.26992	1
7.46068	2.44731	1
9.06563	4.49251	1
9.13778	5.20176	1
12.8227	3.92813	1
9.35338	2.43148	1
5.27885	3.45111	1
6.52488	3.02099	1
8.00851	2.87956	1
9.06292	1.9539	1
8.58018	4.81837	1
6.88283	5.14815	1
8.19292	4.38097	1
8.95841	3.86109	1
3.79062	5.06863	1
6.8987	3.93898	1
6.71577	3.26459	1
10.1744	3.52338	1
5.34968	3.92148	1
9.9468	2.95563	1
9.49851	2.81858	1
10.8905	4.06563	1
9.23897	4.21939	1
6.94395	5.32702	1
10.3836	5.00927	1
7.58559	3.87104	1
9.90001	3.78494	1
6.30542	4.17706	1
9.9584	3.81581	1
9.26928	3.62913	1
9.52324	3.30127	1
8.46687	4.06435	1
7.95475	3.9317	1
9.3031	2.41967	1
10.6511	3.15374	1
9.50038	3.4043	1
10.3221	4.00009	1
11.3262	3.25525	1
7.71591	5.21684	1
6.81483	2.58201	1
12.2976	3.66402	1
11.5444	3.05979	1
8.28223	5.06354	1
10.9346	4.94528	1
2.54015	4.18917	1
7.38052	2.47167	1
8.59718	4.45599	1
8.0545	2.77997	1
5.74009	4.5668	1
7.68269	4.52005	1
7.36392	4.27517	1
11.8264	3.79327	1
4.67363	2.34325	1
8.03912	3.74672	1
9.83821	3.94375	1
5.95859	5.58849	1
8.17849	3.7547	1
7.72773	3.77939	1
1.76764	1.93142	1
8.77501	2.35392	1
7.99604	3.24492	1
9.88335	3.77486	1
6.99188	3.65735	1
9.52522	3.55046	1
7.16998	4.91649	1
8.40929	3.13407	1
8.54125	3.61787	1
5.08446	3.03866	1
10.6774	4.5917	1
7.28756	2.15516	1
11.0064	3.38613	1
6.24773	3.21901	1
8.95989	4.87181	1
9.89131	3.52229	1
11.5925	4.494	1
10.1479	2.22717	1
10.4289	1.99133	1
9.90896	4.5712	1
8.66574	3.80693	1
8.72452	3.11306	1
9.30078	3.36933	1
6.66949	3.30649	1
5.74375	3.8711	1
8.02333	3.39925	1
9.19066	2.82554	1
10.4589	2.92862	1
8.09629	3.97268	1
9.11759	3.84243	1
10.745	6.04096	1
13.3756	5.13741	1
9.55975	4.14542	1
9.77371	4.69757	1
4.83422	4.76341	1
9.40976	2.37011	1
10.1117	2.50659	1
11.331	5.44241	1
8.80615	3.95968	1
6.38282	4.59979	1
10.9133	2.68732	1
4.63979	4.74548	1
9.96119	4.15341	1
10.0337	3.24821	1
8.67022	2.78413	1
4.41102	5.25214	1
10.5261	2.18384	1
8.57532	2.66827	1
8.43472	3.50316	1
6.33476	3.5723	1
11.0358	2.15285	1
8.85199	2.21177	1
9.21042	2.99296	1
7.29292	4.28784	1
9.16991	4.84864	1
11.9114	4.15169	1
9.15983	2.90173	1
3.1345	2.93369	1
7.75061	3.86481	1
12.1237	3.73446	1
6.57434	1.78702	1
9.44215	2.90229	1
7.57145	3.52015	1
5.90796	3.84923	1
5.79058	3.46916	1
7.92163	3.7542	1
6.98066	5.81329	1
10.5007	2.57587	1
10.8163	4.80235	1
10.6488	5.73072	1
8.08381	3.03458	1
10.6934	4.63709	1
7.1071	3.29266	1
6.58231	4.39619	1
3.34501	5.02053	1
9.19624	4.82429	1
10.3477	4.15227	1
7.03039	4.03418	1
12.9153	2.83152	1
9.29285	3.09285	1
8.31015	3.90175	1
12.3231	5.05427	1
10.4134	5.40704	1
9.55997	4.7983	1
8.63463	2.12471	1
9.50324	3.65805	1
9.1659	4.03085	1
10.2888	3.43317	1
9.25392	4.09089	1
5.89198	2.59842	1
8.09621	2.89595	1
13.2265	4.82451	1
10.1617	3.70256	1
6.05974	3.85639	1
9.68766	4.63024	1
9.43165	2.08965	1
6.78562	3.39541	1
10.8523	4.62782	1
7.96602	3.94851	1
8.05982	2.60346	1
8.20246	3.19949	1
6.87794	4.10426	1
6.85513	6.52093	1
8.43706	3.30104	1
4.47007	3.93159	1
8.03469	3.69272	1
10.6563	4.27207	1
7.86081	4.84377	1
10.1177	2.21664	1
10.7987	4.76887	1
9.54026	4.21726	1
10.9466	5.87916	1
8.56186	4.72175	1
7.83034	4.70111	1
11.3402	2.29633	1
5.69607	4.24481	1
6.51431	2.94191	1
11.0492	6.22598	1
7.83167	3.67668	1
6.9867	3.07913	1
8.35204	3.91395	1
12.5564	3.23419	1
10.5122	1.86875	1
6.15909	4.12474	1
7.7742	4.55837	1
8.74858	2.72996	1
6.89696	4.14291	1
14.0099	3.01329	1
6.15364	2.88954	1
8.39581	6.37446	1
9.14234	2.19564	1
7.81944	3.01869	1
10.181	2.69928	1
9.52962	3.55287	1
11.6228	4.02836	1
10.7424	1.07842	1
7.11084	3.18826	1
8.06341	4.22094	1
8.29811	3.55794	1
6.90874	2.37927	1
5.44907	3.37772	1
8.42756	2.2571	1
13.4295	2.77604	1
10.6487	3.57321	1
8.28971	2.9616	1
6.31366	5.12594	1
12.4198	3.93571	1
6.21252	2.45436	1
10.0063	4.38363	1
11.4634	3.40515	1
4.53069	2.6485	1
9.64044	3.32412	1
15.3814	3.65537	1
8.88635	3.93287	1
5.75588	2.81146	1
7.1211	4.74538	1
9.89452	4.03478	1
8.83052	3.03903	1
5.76211	3.44557	1
7.48071	3.49445	1
6.57597	3.8931	1
9.9959	4.19032	1
9.33784	3.97391	1
9.00915	1.06247	1
7.64599	3.26539	1
7.3283	3.72115	1
10.8844	3.91418	1
8.96801	4.08144	1
11.3887	2.90045	1
11.1701	6.76928	1
9.71959	2.72046	1
7.75801	3.18512	1
3.72257	4.19094	1
9.35126	7.10629	1
10.149	1.99671	1
5.84617	3.2165	1
10.8359	4.01003	1
11.7929	3.96839	1
7.18992	4.49424	1
9.33025	4.50359	1
8.09282	3.68277	1
7.42758	5.17654	1
8.88487	4.19958	1
11.7362	2.76078	1
9.30227	3.30295	1
8.32238	2.10865	1
5.74089	5.68345	1
7.3513	3.90622	1
14.9025	4.31879	1
8.63374	5.14825	1
10.6583	4.03191	1
5.93085	4.2871	1
13.9825	4.71308	1
6.42658	2.0769	1
9.57808	5.5277	1
10.3297	4.45119	1
5.76216	2.3867	1
13.9464	3.34111	1
8.01458	5.65712	1
8.61155	3.23104	1
5.44355	3.72012	1
14.3742	1.58445	1
12.2888	3.74216	1
9.58151	5.41228	1
11.8727	4.68094	1
7.62037	3.77761	1
10.2325	5.29501	1
12.2054	3.53632	1
6.69753	2.04571	1
12.3069	4.02183	1
9.76908	2.47549	1
11.4617	2.67305	1
7.62787	3.12155	1
9.40685	4.94936	1
12.3919	2.08827	1
7.23808	4.21368	1
8.58443	4.66305	1
11.7653	4.72044	1
6.50572	4.37439	1
7.45274	4.81088	1
7.04216	4.70386	1
11.2019	4.73287	1
3.79855	4.17465	1
10.493	4.20508	1
8.0527	3.23581	1
10.8688	2.87511	1
8.07314	4.34086	1
6.58331	4.09967	1
10.2038	3.93248	1
8.76587	4.50024	1
6.49741	4.16259	1
9.21597	3.00032	1
7.43114	3.21781	1
4.09424	4.60729	1
6.62179	2.91376	1
8.71761	3.06194	1
8.10486	4.21534	1
8.92743	2.81914	1
7.8775	3.36372	1
8.34501	3.83126	1
6.71244	-3.29798	2
9.10634	-4.75055	2
7.61353	-3.67822	2
8.11589	-5.15401	2
7.27782	-6.09296	2
8.34456	-5.33795	2
8.39733	-5.77063	2
6.85707	-3.23163	2
7.60199	-5.26155	2
8.32987	-5.54256	2
9.02341	-5.90756	2
7.95009	-4.68469	2
7.48267	-3.87706	2
6.96283	-5.18649	2
8.33897	-7.11273	2
8.60405	-6.65307	2
9.23352	-3.58877	2
8.0335	-5.84538	2
8.50611	-5.70432	2
7.14666	-4.42147	2
7.24013	-5.23208	2
7.92141	-6.57382	2
8.43937	-4.38035	2
7.72938	-5.48232	2
7.49581	-4.38904	2
7.1286	-4.19439	2
7.34464	-4.37522	2
7.6037	-6.26856	2
6.97802	-4.97664	2
9.56371	-7.05431	2
7.38931	-5.98575	2
8.02789	-6.11427	2
9.13344	-6.70902	2
7.55483	-6.73191	2
7.41337	-3.98629	2
8.86667	-5.99736	2
8.17985	-4.77267	2
8.73147	-4.76438	2
7.24929	-3.57749	2
8.29688	-5.64069	2
8.30974	-6.84103	2
8.36723	-8.262	2
9.7862	-6.64363	2
8.63758	-5.93403	2
8.67252	-6.90039	2
7.79619	-4.523	2
7.96435	-4.67067	2
8.01016	-6.2045	2
7.74324	-4.25168	2
8.58451	-7.21054	2
7.5253	-7.18475	2
6.82013	-4.79591	2
8.16669	-4.84414	2
8.11754	-4.91523	2
6.56816	-5.16304	2
7.37264	-4.19403	2
9.61436	-6.52627	2
8.08869	-5.94847	2
8.18108	-6.17867	2
6.91252	-3.76941	2
6.68832	-2.48858	2
9.18761	-9.70316	2
8.91184	-5.32428	2
7.73112	-3.88098	2
8.34093	-6.4844	2
6.57972	-3.19604	2
7.50669	-5.56399	2
6.19246	-4.15863	2
6.90219	-4.84845	2
7.68281	-5.89296	2
7.52453	-4.58071	2
7.18287	-2.74072	2
6.85124	-4.45385	2
8.35968	-5.04719	2
6.7702	-4.45428	2
7.37018	-4.56185	2
8.01077	-4.67317	2
6.60419	-3.13537	2
8.23358	-5.67794	2
9.03019	-5.22225	2
7.62951	-4.25855	2
7.63488	-6.30789	2
7.79706	-4.6764	2
7.33844	-4.263	2
9.19011	-6.75055	2
7.47989	-4.6691	2
8.0761	-4.61422	2
9.08015	-8.33082	2
6.9328	-3.56067	2
7.16226	-4.93637	2
8.77137	-6.7963	2
6.67821	-5.15919	2
8.49129	-5.20887	2
6.46482	-3.88828	2
8.65508	-4.40551	2
7.1549	-4.56212	2
8.07887	-5.18575	2
7.81748	-6.35536	2
7.84384	-5.92797	2
7.74914	-4.70809	2
6.84037	-3.8631	2
9.12136	-6.67412	2
6.79141	-3.72774	2
8.56039	-4.5297	2
9.11612	-7.03536	2
7.08791	-5.62059	2
7.2541	-4.24656	2
7.32619	-4.02753	2
7.02031	-4.35929	2
7.48945	-5.3286	2
8.8168	-6.40584	2
7.4953	-3.83539	2
7.84917	-5.42896	2
7.94159	-5.17858	2
7.14466	-3.28516	2
7.97666	-5.33811	2
7.39194	-5.55344	2
7.75474	-5.26791	2
9.23905	-5.96565	2
8.4712	-6.14575	2
7.88659	-5.608	2
6.61212	-3.81618	2
8.30152	-5.61679	2
9.1276	-6.36917	2
8.46031	-5.62246	2
8.57501	-6.48427	2
7.65393	-3.28501	2
6.95773	-4.05659	2
8.49233	-5.887	2
7.58758	-3.75287	2
6.60803	-4.2834	2
7.33308	-5.68597	2
7.83896	-3.83525	2
7.38856	-4.37077	2
7.33248	-5.31716	2
6.79448	-3.97436	2
7.83681	-6.56508	2
7.80194	-6.48836	2
8.27671	-6.22021	2
10.0087	-7.64207	2
9.5975	-6.47419	2
8.10005	-5.73722	2
7.4693	-3.46541	2
6.06061	-2.86918	2
7.97585	-5.10321	2
7.4178	-4.32455	2
8.04089	-6.61488	2
7.66106	-3.85335	2
6.8139	-5.06952	2
7.27436	-5.39837	2
7.75458	-4.93604	2
7.64858	-5.81568	2
8.48104	-3.63908	2
9.61185	-6.77835	2
8.16331	-5.66581	2
6.80126	-3.94228	2
9.79596	-7.30872	2
8.91435	-5.89178	2
8.44324	-5.73798	2
7.93921	-6.33433	2
8.03999	-5.80391	2
7.45168	-4.33681	2
8.83016	-6.4635	2
7.64212	-3.65209	2
6.91096	-3.58529	2
8.43538	-5.33991	2
8.01213	-5.0553	2
7.67697	-5.87622	2
8.43829	-4.72264	2
8.07599	-5.84409	2
7.90834	-6.98168	2
6.63087	-3.75988	2
8.12019	-3.16223	2
7.20639	-5.51413	2
7.25586	-4.19638	2
8.14013	-7.17652	2
8.13693	-5.95821	2
7.92532	-4.72479	2
7.58115	-5.53446	2
8.01417	-6.75344	2
7.4306	-5.14047	2
6.67439	-3.47465	2
8.17553	-4.7911	2
8.02349	-5.45881	2
7.98748	-4.7042	2
8.11029	-5.7512	2
8.91217	-6.283	2
6.54769	-2.95458	2
6.80661	-3.55635	2
7.68062	-5.36714	2
7.69994	-5.30516	2
7.99041	-4.53873	2
8.39853	-4.52965	2
7.34635	-4.83041	2
7.82341	-5.98097	2
6.96128	-3.75131	2
7.16145	-3.86827	2
8.91646	-6.41614	2
7.31843	-5.15887	2
6.47134	-4.4456	2
8.68213	-6.45908	2
8.40394	-7.16575	2
7.68539	-6.45536	2
8.44634	-6.07746	2
8.17278	-6.12239	2
7.91143	-4.9455	2
6.7798	-3.63717	2
9.29435	-4.86064	2
7.9351	-6.72935	2
9.50418	-7.39518	2
8.77969	-7.0054	2
8.0263	-5.02092	2
8.08504	-4.4637	2
8.89396	-7.29281	2
6.67193	-3.83433	2
7.70196	-4.68268	2
8.70622	-5.91052	2
8.49069	-6.22869	2
6.88655	-3.57745	2
6.34801	-3.25755	2
7.60596	-3.44795	2
7.78097	-4.79489	2
7.28459	-5.40726	2
6.56089	-3.1373	2
8.33524	-7.1562	2
8.38284	-5.28692	2
8.09214	-6.93905	2
7.3969	-4.42758	2
8.66389	-6.35507	2
7.16383	-4.81231	2
7.86523	-5.15764	2
8.11738	-3.47356	2
7.58945	-3.9142	2
8.46185	-5.83335	2
9.13975	-6.39416	2
8.21558	-6.52714	2
7.25867	-4.26223	2
7.80436	-3.84063	2
6.91273	-4.32015	2
7.21214	-4.75931	2
8.46934	-7.30341	2
7.36573	-5.33016	2
7.37852	-4.43183	2
8.25411	-6.48414	2
7.49205	-3.76039	2
7.97526	-4.99248	2
6.91436	-4.245	2
8.24176	-6.10717	2
8.12001	-3.82843	2
7.67562	-4.47616	2
-0.719298	-7.08172	3
0.819284	-5.51293	3
0.974135	-5.67718	3
0.256416	-6.27811	3
-0.697895	-5.88638	3
0.177641	-5.63528	3
0.408132	-5.62129	3
2.42459	-6.07684	3
-0.0326623	-5.30771	3
0.693627	-5.67709	3
1.29773	-5.53894	3
1.01979	-5.12321	3
0.714241	-5.01215	3
1.1566	-5.23507	3
1.12971	-5.62209	3
0.301668	-5.07858	3
2.30484	-5.42981	3
0.86273	-5.68282	3
0.414689	-5.90672	3
0.317447	-5.30828	3
1.43956	-5.98639	3
1.96302	-5.6424	3
0.461098	-5.80006	3
-0.201931	-5.21896	3
-1.05572	-6.43153	3
1.53144	-6.16206	3
0.187983	-5.24251	3
0.480713	-6.41295	3
2.146	-5.40343	3
0.439781	-5.02769	3
1.00797	-4.98391	3
-0.893435	-6.10099	3
0.166143	-5.43752	3
0.21103	-5.87574	3
-0.071717	-5.78423	3
-0.194928	-4.36245	3
0.0609985	-5.76346	3
0.188111	-5.26349	3
1.4597	-5.85855	3
-0.84815	-5.69799	3
0.569035	-5.71724	3
0.728327	-4.46464	3
1.87304	-5.98393	3
2.46388	-5.24045	3
0.931085	-5.74696	3
1.20372	-5.29048	3
-0.0266523	-5.39885	3
-1.16132	-5.59166	3
-0.493744	-6.3394	3
-1.27263	-4.53433	3
1.74891	-4.59453	3
1.31898	-4.92705	3
1.18777	-5.43086	3
0.655952	-5.28636	3
0.830757	-6.09772	3
-0.122131	-5.70128	3
1.17202	-5.91382	3
0.961151	-6.07479	3
0.149925	-6.53829	3
0.924268	-5.38224	3
-1.60022	-6.35878	3
1.91989	-5.79295	3
0.231995	-6.00718	3
-0.124428	-5.52592	3
-1.29774	-6.43122	3
0.643265	-6.09574	3
0.5726	-5.54401	3
0.165709	-5.57006	3
-1.2836	-6.56228	3
-0.406589	-5.89975	3
-0.835482	-5.44251	3
1.01051	-5.62462	3
0.304631	-5.18073	3
0.00348567	-5.50091	3
0.181163	-6.5271	3
1.61472	-6.13174	3
1.59689	-6.23615	3
1.0388	-5.07197	3
-0.271765	-4.86938	3
0.743506	-6.41154	3
1.91732	-4.74645	3
0.700572	-5.87644	3
1.19067	-6.40981	3
-0.0056686	-6.15998	3
1.9993	-5.32676	3
-0.599912	-5.57152	3
1.54274	-4.67917	3
-0.887629	-5.82855	3
2.56721	-5.48605	3
-0.0510829	-6.52317	3
1.27277	-5.85618	3
1.53176	-5.7189	3
0.634831	-4.64144	3
2.56101	-5.55095	3
0.926415	-5.49802	3
0.267764	-5.52474	3
0.505088	-5.80074	3
0.176227	-5.99817	3
1.68505	-4.94118	3
1.08484	-5.04948	3
-1.58328	-6.2044	3
2.45021	-5.29137	3
-0.326567	-6.15833	3
-0.289296	-6.10306	3
1.35717	-6.31058	3
0.43665	-5.10875	3
-0.959711	-5.35068	3
-0.210039	-5.7859	3
1.08181	-5.55136	3
0.598371	-5.31121	3
0.866504	-5.49077	3
-0.0385329	-5.60459	3
-0.263668	-5.41365	3
0.793238	-6.41967	3
0.709532	-5.29342	3
-0.0832432	-6.40125	3
-0.537331	-5.6091	3
-0.941075	-5.29892	3
2.31012	-5.63438	3
2.29409	-5.57934	3
0.10022	-6.23498	3
2.30399	-5.2894	3
0.767803	-4.70242	3
-0.389473	-6.38532	3
0.304191	-6.03736	3
1.00776	-5.47286	3
1.30728	-5.42775	3
1.05642	-5.38506	3
-0.00750738	-5.56358	3
1.04389	-5.80941	3
-0.259479	-5.74127	3
0.606151	-6.04719	3
0.355407	-4.61908	3
0.461377	-5.58129	3
0.284597	-5.71856	3
-0.972081	-5.558	3
1.94888	-4.92571	3
2.8931	-5.35225	3
1.02179	-5.7939	3
0.796099	-5.28075	3
1.34803	-5.64199	3
0.860183	-5.91757	3
-0.975798	-5.61255	3
0.233941	-5.0692	3
1.20489	-5.38002	3
-1.11291	-5.79962	3
0.514806	-5.74693	3
0.644899	-6.06567	3
0.51611	-5.39332	3
1.36394	-5.53106	3
1.19031	-5.9782	3
0.823588	-5.52215	3
2.27934	-4.62188	3
0.296822	-5.76949	3
-1.30855	-5.55413	3
0.6619	-5.13313	3
1.29063	-5.40834	3
0.884471	-5.39186	3
1.88817	-5.19703	3
2.28611	-5.1987	3
-0.574372	-5.58207	3
-0.173426	-5.63361	3
-1.62658	-5.36352	3
0.824815	-6.09869	3
0.933201	-5.58893	3
0.263911	-5.42073	3
3.52895	-5.58712	3
0.553761	-5.18135	3
0.226791	-5.83823	3
-1.03983	-5.14146	3
2.14758	-5.57819	3
-0.278959	-5.90798	3
0.721587	-5.24824	3
0.733702	-5.20822	3
0.557206	-6.16285	3
2.09983	-4.96482	3
-0.788883	-7.05865	3
0.0951756	-5.12756	3
1.62211	-4.85367	3
0.993346	-4.5522	3
-0.762369	-5.43681	3
-0.419689	-6.1495	3
0.764339	-5.75627	3
-0.196446	-5.16463	3
-0.799877	-5.64634	3
1.06428	-5.19594	3
-0.983601	-6.06318	3
1.71848	-6.18581	3
-1.17238	-4.88288	3
0.290548	-5.55731	3
-0.559821	-6.10284	3
-0.358631	-5.77107	3
1.23111	-5.48091	3
-0.0493961	-5.90113	3
-0.163002	-6.49056	3
0.465551	-5.60888	3
0.788203	-6.40386	3
1.2327	-5.84673	3
0.547805	-5.29399	3
0.103964	-5.55922	3
-0.789987	-5.58358	3
-0.642048	-6.55269	3
1.25644	-5.80338	3
-0.290265	-6.35345	3
0.386647	-5.76898	3
-0.595713	-5.93105	3
-0.82688	-5.45422	3
1.30158	-5.30614	3
1.12503	-4.85263	3
-0.118068	-5.21964	3
-0.800627	-6.26268	3
-0.331566	-6.0733	3
3.02597	-4.45715	3
0.122005	-5.93828	3
0.040587	-6.75906	3
1.07515	-6.50492	3
0.439125	-4.9247	3
0.900282	-5.3171	3
-0.515562	-5.10044	3
-0.363079	-4.95514	3
-1.58092	-6.73873	3
0.553909	-6.41357	3
2.78786	-5.34361	3
-1.50406	-6.67189	3
-1.02982	-5.82507	3
1.26094	-5.06042	3
-0.274142	-5.34766	3
-0.183699	-5.44423	3
-0.236456	-5.36449	3
0.838963	-5.6739	3
0.224907	-5.9423	3
-1.22393	-6.21688	3
1.01347	-4.66065	3
-0.25081	-6.2716	3
1.22792	-5.6356	3
-0.843341	-6.25787	3
-0.317711	-6.0058	3
-0.835376	-5.75724	3
0.0684396	-6.01442	3
1.22672	-5.77016	3
0.328346	-6.10893	3
0.323842	-5.82164	3
0.501251	-4.89907	3
0.259068	-5.09479	3
-0.748042	-5.37566	3
-1.35546	-5.53904	3
-0.0207161	-6.26145	3
0.713063	-5.25798	3
-0.383316	-5.36763	3
1.36487	-5.77441	3
1.03608	-5.04505	3
-0.830384	-5.74992	3
0.279719	-5.78748	3
2.58174	-4.86482	3
1.37477	-5.77239	3
-1.03962	-5.89074	3
0.566493	-5.87095	3
1.31466	-4.96237	3
-0.990156	-6.57694	3
0.878345	-5.69131	3
0.292206	-6.0457	3
1.65899	-4.88747	3
-0.743436	-5.48274	3
0.933013	-5.50774	3
0.469466	-5.77887	3
-0.275942	-5.58357	3
-0.455403	-5.80123	3
-0.0141314	-5.49303	3
0.194632	-6.2723	3
0.708643	-6.18024	3
1.1461	-4.89593	3
0.126575	-6.05825	3
-0.488882	-5.2428	3
1.68438	-5.39584	3
2.08305	-5.8889	3
0.332124	-4.63147	3
-0.83531	-6.29305	3
0.76893	-5.30278	3
0.779749	-4.67285	3
-0.761776	-5.82664	3
-0.662064	-5.37439	3
1.71291	-5.77777	3
0.112886	-6.03133	3
1.18917	-5.18201	3
-0.677457	-5.68504	3
0.0833473	-5.59624	3
1.83354	-5.79546	3
-0.699843	-5.32946	3
0.316137	-6.30719	3
-1.05669	-6.33447	3
-1.65084	-6.50477	3
-0.154935	-5.35906	3
-0.992731	-5.55157	3
-0.47057	-5.64172	3
1.57133	-5.24042	3
0.0645897	-5.85362	3
0.174344	-6.05068	3
1.38772	-5.72242	3
-0.886661	-6.44367	3
2.07997	-5.1243	3
-0.780086	-5.26626	3
0.524725	-5.37924	3
0.130941	-6.04999	3
-0.393988	-5.95847	3
-0.445727	-6.50106	3
1.39241	-5.69535	3
1.05816	-6.71254	3
-0.861974	-6.12968	3
0.19186	-6.40488	3
-0.715931	-5.38143	3
0.841669	-5.15534	3
-0.25266	-5.4639	3
-0.835977	-5.46225	3
0.798333	-5.21428	3
-0.442912	-5.73952	3
0.114626	-5.24787	3
0.924568	-5.05853	3
0.429604	-5.65097	3
1.54743	-5.65048	3
0.264251	-5.44503	3
1.14913	-5.23613	3
-0.396257	-6.09757	3
0.991135	-5.0339	3
2.46947	-4.86427	3
2.16217	-5.0001	3
-0.298178	-6.38459	3
0.0739094	-5.03177	3
1.50327	-5.65082	3
1.02988	-5.59199	3
1.82735	-5.37771	3
-0.417772	-6.19089	3
-2.16639	-6.46839	3
-0.428437	-4.97302	3
0.383532	-5.48462	3
0.975781	-5.57506	3
-0.688602	-6.1032	3
-1.49987	-6.43859	3
2.57946	-4.58034	3
0.188894	-6.481	3
2.53433	-5.02348	3
-0.996761	-6.092	3
0.156394	-6.48665	3
2.20014	-5.71458	3
0.97882	-4.98946	3
2.31459	-5.60002	3
0.321967	-5.57223	3
1.60324	-6.15188	3
1.75484	-5.04311	3
0.967144	-4.9322	3
-0.286609	-5.33203	3
-1.40964	-5.64269	3
0.23163	-6.2515	3
1.21199	-5.05901	3
1.2484	-5.28078	3
1.8303	-5.76484	3
0.31863	-5.1167	3
1.18924	-5.77862	3
-0.696031	-6.7262	3
2.08451	-5.14714	3
0.211279	-5.81353	3
0.787866	-4.88974	3
0.38308	-5.65265	3
1.78946	-5.80004	3
0.187285	-6.00304	3
0.835298	-5.39589	3
-1.97227	-7.00013	3
-0.466975	-5.85563	3
-1.59491	-5.67786	3
1.15671	-5.92583	3
1.02254	-4.51748	3
-0.895076	-6.40728	3
1.23288	-5.26008	3
1.44753	-5.29014	3
0.954558	-4.90525	3
1.41479	-5.38579	3
1.59971	-5.23617	3
0.790382	-5.72087	3
-0.642074	-5.77625	3
0.757897	-5.23226	3
-0.494349	-6.75135	3
0.929578	-5.57368	3
0.427656	-5.85859	3
0.00413843	-5.2329	3
0.610542	-5.98754	3
-0.056642	-6.24569	3
2.34207	-5.14892	3
-0.409223	-5.84168	3
1.24848	-6.76153	3
0.545045	-5.08652	3
0.933786	-5.29774	3
1.60265	-4.80012	3
1.14962	-5.9173	3
-0.713674	-5.75327	3
0.253087	-5.34717	3
1.91822	-5.27129	3
0.716068	-5.94016	3
0.749045	-5.91443	3
-0.332216	-6.46323	3
0.458754	-5.7646	3
0.71727	-5.86546	3
0.601081	-4.82902	3
-0.271567	-6.32243	3
1.05731	-4.97216	3
0.835197	-5.30675	3
1.99014	-5.25295	3
2.3209	-5.31219	3
0.878639	-6.00057	3
2.32687	-4.7419	3
-0.607266	-6.16793	3
1.40817	-5.82562	3
-0.897039	-5.68292	3
1.30095	-4.9188	3
0.917813	-6.14165	3
0.607531	-5.38698	3
-0.0985608	-5.68158	3
-0.375756	-5.78645	3
1.35639	-5.32364	3
0.739088	-5.85703	3
-0.0147604	-6.22129	3
1.39606	-6.9186	3
1.79536	-4.39077	3
1.67826	-4.83749	3
0.0327624	-6.10602	3
0.379583	-5.17974	3
0.661514	-6.2003	3
0.195329	-5.5886	3
0.818001	-5.75274	3
0.168697	-6.24321	3
0.443972	-5.27717	3
